Grid configuration:
N: 32.000000, L: 1.000000, h: 0.031250, CFL: 0.500000, dt: 0.015625, nt: 10.000000
Initial condition (U points):
0.000000 0.000000 0.000000 0.000000 0.000000 0.000000 0.000000 0.000000 0.000000 0.000005 0.000123 0.001930 0.018316 0.105399 0.367879 0.778801 1.000000 0.778801 0.367879 0.105399 0.018316 0.001930 0.000123 0.000005 0.000000 0.000000 0.000000 0.000000 0.000000 0.000000 0.000000 0.000000 
#### End of iteration: 0 ####
t= 0.015625
U points:
0.000000 0.000000 0.000000 0.000000 0.000000 -0.000000 -0.000000 -0.000000 0.000000 0.000003 -0.000033 -0.000593 -0.000484 0.030893 0.206967 0.606930 0.971504 0.920305 0.541510 0.205590 0.052064 0.009047 0.001103 0.000096 0.000006 0.000000 0.000000 0.000000 0.000000 0.000000 0.000000 0.000000 
#### End of iteration: 1 ####
t= 0.031250
U points:
0.000000 -0.000000 0.000000 0.000000 -0.000000 -0.000000 0.000000 0.000000 -0.000001 -0.000002 0.000081 0.000068 -0.004106 -0.008999 0.076207 0.411389 0.866900 1.003643 0.717497 0.339192 0.111372 0.026360 0.004625 0.000614 0.000063 0.000005 0.000000 0.000000 0.000000 0.000000 0.000000 0.000000 
#### End of iteration: 2 ####
t= 0.046875
U points:
0.000000 0.000000 -0.000000 -0.000000 0.000000 0.000000 -0.000000 0.000000 0.000001 -0.000017 -0.000024 0.000837 -0.000307 -0.019936 -0.012661 0.219013 0.698885 1.012247 0.871911 0.497808 0.200891 0.059869 0.013599 0.002410 0.000339 0.000038 0.000004 0.000000 0.000000 0.000000 0.000000 0.000000 
#### End of iteration: 3 ####
t= 0.062500
U points:
0.000000 -0.000000 0.000000 0.000000 -0.000000 0.000000 0.000000 -0.000001 0.000004 0.000009 -0.000224 0.000434 0.004379 -0.011624 -0.056340 0.054706 0.490050 0.939782 0.980289 0.666124 0.321009 0.115540 0.032176 0.007111 0.001271 0.000186 0.000023 0.000002 0.000000 0.000000 0.000000 0.000000 
#### End of iteration: 4 ####
t= 0.078125
U points:
0.000000 0.000000 -0.000000 0.000000 -0.000000 -0.000000 0.000000 -0.000001 -0.000004 0.000071 -0.000211 -0.000937 0.005849 0.004749 -0.059879 -0.062870 0.269225 0.792053 1.022026 0.823373 0.466372 0.197813 0.065398 0.017329 0.003756 0.000676 0.000102 0.000013 0.000001 0.000000 0.000000 0.000000 
#### End of iteration: 5 ####
t= 0.093750
U points:
0.000000 0.000000 -0.000000 -0.000000 0.000000 -0.000000 0.000000 0.000002 -0.000025 0.000093 0.000175 -0.002234 0.002884 0.019135 -0.034933 -0.124382 0.066551 0.586792 0.984558 0.946202 0.625282 0.307924 0.118416 0.036683 0.009359 0.002000 0.000362 0.000056 0.000008 0.000001 0.000000 0.000000 
#### End of iteration: 6 ####
t= 0.109375
U points:
0.000000 0.000000 0.000000 -0.000000 0.000000 -0.000000 -0.000001 0.000010 -0.000041 -0.000013 0.000790 -0.002341 -0.003207 0.024726 0.003211 -0.131078 -0.091800 0.351175 0.866478 1.012548 0.780328 0.442433 0.195308 0.069544 0.020468 0.005069 0.001071 0.000195 0.000031 0.000004 0.000001 0.000000 
#### End of iteration: 7 ####
t= 0.125000
U points:
0.000000 0.000000 0.000000 -0.000000 0.000000 0.000000 -0.000004 0.000018 -0.000014 -0.000268 0.001236 -0.000695 -0.009556 0.019104 0.039175 -0.093943 -0.188232 0.117458 0.678819 1.005852 0.910362 0.592334 0.297677 0.120432 0.040312 0.011385 0.002753 0.000576 0.000105 0.000017 0.000002 0.000000 
#### End of iteration: 8 ####
t= 0.140625
U points:
0.000000 0.000000 0.000000 -0.000000 -0.000000 0.000002 -0.000008 0.000013 0.000086 -0.000572 0.001054 0.002395 -0.013034 0.004221 0.060828 -0.030960 -0.216724 -0.082552 0.444114 0.918802 0.993625 0.743137 0.423291 0.193072 0.072764 0.023155 0.006321 0.001499 0.000312 0.000057 0.000009 0.000001 
#### End of iteration: 9 ####
t= 0.156250
U points:
0.000001 0.000000 0.000000 0.000000 -0.000001 0.000004 -0.000008 -0.000025 0.000248 -0.000720 -0.000022 0.005802 -0.011481 -0.014697 0.061695 0.036951 -0.183604 -0.223126 0.193199 0.755772 1.011599 0.876107 0.565097 0.289215 0.121853 0.043307 0.013212 0.003506 0.000818 0.000169 0.000031 0.000005 
#### End of iteration: 10 ####
t= 0.171875
U points:
0.000003 0.000000 0.000000 0.000000 -0.000002 0.000005 0.000005 -0.000103 0.000403 -0.000481 -0.001874 0.007975 -0.004538 -0.031019 0.041945 0.090447 -0.105904 -0.289250 -0.039757 0.533303 0.952871 0.970680 0.710973 0.407420 0.190992 0.075325 0.025484 0.007503 0.001944 0.000447 0.000092 0.000017 
