Grid configuration:
N: 32.000000, L: 1.000000, h: 0.031250, CFL: 0.500000, dt: 0.015625, nt: 100.000000, c: 1.000000, sigma: 0.062500
Initial condition (U points):
0.000000 0.000000 0.000000 0.000000 0.000000 0.000000 0.000000 0.000000 0.000000 0.000005 0.000123 0.001930 0.018316 0.105399 0.367879 0.778801 1.000000 0.778801 0.367879 0.105399 0.018316 0.001930 0.000123 0.000005 0.000000 0.000000 0.000000 0.000000 0.000000 0.000000 0.000000 0.000000 
#### End of iteration: 0 ####
t= 0.015625
U points:
0.000000 -0.000000 0.000000 -0.000000 0.000000 -0.000000 0.000000 -0.000000 0.000001 -0.000002 0.000044 0.000600 0.006591 0.046333 0.207638 0.571972 0.942521 0.935917 0.568186 0.211377 0.047225 0.006053 0.000432 0.000020 0.000000 0.000000 -0.000000 -0.000000 0.000000 -0.000000 0.000000 -0.000000 
#### End of iteration: 1 ####
t= 0.031250
U points:
0.000000 -0.000000 0.000000 -0.000000 0.000000 -0.000000 0.000001 -0.000001 0.000001 0.000002 -0.000002 0.000242 0.002146 0.018924 0.102005 0.366890 0.787280 0.998641 0.771699 0.369383 0.107973 0.018126 0.001530 0.000065 0.000004 -0.000000 0.000000 -0.000000 -0.000000 0.000000 0.000000 -0.000000 
#### End of iteration: 2 ####
t= 0.046875
U points:
0.000000 -0.000000 0.000000 -0.000000 -0.000000 0.000001 -0.000002 0.000007 -0.000020 0.000048 -0.000103 0.000271 0.000409 0.007595 0.045247 0.202954 0.578040 0.947258 0.929137 0.565684 0.214341 0.048233 0.005579 0.000218 0.000010 0.000001 -0.000000 0.000000 -0.000000 -0.000000 0.000000 -0.000000 
#### End of iteration: 3 ####
t= 0.062500
U points:
-0.000000 0.000000 -0.000000 0.000001 -0.000003 0.000008 -0.000018 0.000038 -0.000073 0.000127 -0.000193 0.000257 0.000103 0.002320 0.020397 0.096758 0.367721 0.795482 0.995985 0.765901 0.370602 0.110249 0.018136 0.001120 -0.000019 0.000009 -0.000000 -0.000000 0.000000 -0.000000 0.000000 -0.000000 
#### End of iteration: 4 ####
t= 0.078125
U points:
-0.000001 0.000002 -0.000004 0.000008 -0.000015 0.000029 -0.000050 0.000081 -0.000116 0.000134 -0.000083 -0.000124 0.000719 -0.000600 0.010151 0.042471 0.198804 0.585293 0.950327 0.922941 0.563644 0.216847 0.049282 0.005199 -0.000027 -0.000007 0.000006 -0.000001 0.000000 0.000000 -0.000000 0.000000 
#### End of iteration: 5 ####
t= 0.093750
U points:
-0.000003 0.000007 -0.000012 0.000022 -0.000036 0.000056 -0.000076 0.000086 -0.000059 -0.000051 0.000307 -0.000749 0.001347 -0.001369 0.003940 0.021251 0.090567 0.370376 0.802691 0.992876 0.760911 0.371626 0.112319 0.018262 0.000729 -0.000125 0.000015 0.000002 -0.000001 0.000000 -0.000001 0.000002 
#### End of iteration: 6 ####
t= 0.109375
U points:
-0.000010 0.000017 -0.000027 0.000040 -0.000054 0.000061 -0.000047 -0.000014 0.000156 -0.000406 0.000750 -0.001063 0.001041 -0.000030 -0.001062 0.013442 0.037940 0.195986 0.592773 0.952294 0.917271 0.561875 0.219048 0.050334 0.004896 -0.000287 -0.000034 0.000015 -0.000002 0.000001 -0.000003 0.000005 
#### End of iteration: 7 ####
t= 0.125000
U points:
-0.000020 0.000030 -0.000039 0.000045 -0.000038 0.000003 0.000081 -0.000232 0.000453 -0.000696 0.000822 -0.000583 -0.000318 0.002032 -0.003476 0.007139 0.020629 0.084476 0.374219 0.808941 0.989606 0.756488 0.372510 0.114229 0.018464 0.000362 -0.000251 0.000021 0.000003 0.000003 -0.000008 0.000013 
#### End of iteration: 8 ####
t= 0.140625
U points:
-0.000030 0.000035 -0.000032 0.000011 0.000040 -0.000137 0.000285 -0.000466 0.000617 -0.000612 0.000268 0.000561 -0.001790 0.002827 -0.002192 -0.000076 0.016375 0.032347 0.194472 0.600091 0.953508 0.912043 0.560293 0.221024 0.051375 0.004657 -0.000555 -0.000068 0.000018 0.000010 -0.000017 0.000023 
#### End of iteration: 9 ####
t= 0.156250
U points:
-0.000027 0.000014 0.000018 -0.000082 0.000183 -0.000317 0.000454 -0.000528 0.000430 -0.000040 -0.000689 0.001588 -0.002120 0.001405 0.001379 -0.005106 0.011195 0.018560 0.078951 0.378786 0.814369 0.986300 0.752489 0.373289 0.116008 0.018723 0.000015 -0.000380 0.000008 0.000030 -0.000026 0.000027 
#### End of iteration: 10 ####
t= 0.171875
U points:
0.000006 -0.000048 0.000119 -0.000217 0.000332 -0.000426 0.000434 -0.000273 -0.000129 0.000755 -0.001403 0.001628 -0.000835 -0.001305 0.004128 -0.005042 0.002329 0.018428 0.026260 0.194058 0.607095 0.954188 0.907184 0.558853 0.222818 0.052406 0.004458 -0.000804 -0.000138 0.000057 -0.000021 0.000014 
#### End of iteration: 11 ####
t= 0.187500
U points:
0.000077 -0.000150 0.000242 -0.000333 0.000385 -0.000341 0.000138 0.000255 -0.000781 0.001236 -0.001258 0.000456 0.001263 -0.003221 0.003721 -0.000597 -0.005700 0.015452 0.015326 0.074154 0.383774 0.819110 0.983012 0.748834 0.373973 0.117691 0.018999 -0.000277 -0.000555 0.000032 0.000019 -0.000030 
#### End of iteration: 12 ####
t= 0.203125
U points:
0.000174 -0.000257 0.000323 -0.000337 0.000250 -0.000023 -0.000348 0.000781 -0.001083 0.000967 -0.000185 -0.001219 0.002626 -0.002782 0.000406 0.004354 -0.007864 0.005800 0.019446 0.020058 0.194524 0.613736 0.954466 0.902652 0.557507 0.224492 0.053386 0.004338 -0.001086 -0.000191 0.000096 -0.000099 
#### End of iteration: 13 ####
t= 0.218750
U points:
0.000260 -0.000304 0.000283 -0.000164 -0.000075 0.000415 -0.000763 0.000941 -0.000730 -0.000016 0.001178 -0.002200 0.002147 -0.000211 -0.003270 0.005872 -0.003487 -0.005121 0.019474 0.011238 0.070103 0.389004 0.823257 0.979795 0.745428 0.374619 0.119250 0.019332 -0.000554 -0.000764 0.000138 -0.000166 
#### End of iteration: 14 ####
t= 0.234375
U points:
0.000285 -0.000228 0.000083 0.000158 -0.000462 0.000730 -0.000809 0.000532 0.000171 -0.001137 0.001879 -0.001685 0.000052 0.002620 -0.004502 0.002899 0.003390 -0.010179 0.009938 0.019465 0.013960 0.195708 0.619981 0.954471 0.898364 0.556275 0.226031 0.054334 0.004310 -0.001488 -0.000032 -0.000204 
#### End of iteration: 15 ####
t= 0.250000
U points:
0.000206 -0.000010 -0.000228 0.000490 -0.000687 0.000685 -0.000364 -0.000292 0.001096 -0.001623 0.001332 0.000082 -0.002198 0.003594 -0.002371 -0.002165 0.007353 -0.006817 -0.003468 0.023023 0.006537 0.066789 0.394314 0.826939 0.976628 0.742251 0.375241 0.120639 0.019850 -0.001071 -0.000603 -0.000244 
#### End of iteration: 16 ####
t= 0.265625
U points:
0.000004 0.000296 -0.000507 0.000635 -0.000567 0.000218 0.000387 -0.001053 0.001412 -0.001052 -0.000196 0.001909 -0.002954 0.001950 0.001510 -0.005471 0.005640 0.001400 -0.011754 0.014432 0.018558 0.008135 0.197426 0.625864 0.954267 0.894253 0.555239 0.227266 0.055559 0.003909 -0.001388 -0.000421 
#### End of iteration: 17 ####
t= 0.281250
U points:
-0.000343 0.000554 -0.000577 0.000453 -0.000092 -0.000461 0.001008 -0.001231 0.000821 0.000294 -0.001703 0.002483 -0.001607 -0.001142 0.004257 -0.004643 -0.000125 0.007946 -0.010220 -0.000892 0.025945 0.001455 0.064142 0.399607 0.830291 0.973379 0.739508 0.375479 0.122383 0.019888 -0.001051 -0.000898 
#### End of iteration: 18 ####
t= 0.296875
U points:
-0.000884 0.000584 -0.000329 -0.000022 0.000517 -0.000959 0.001072 -0.000626 -0.000378 0.001549 -0.002121 0.001324 0.000933 -0.003437 0.003869 -0.000439 -0.005490 0.008223 -0.001391 -0.012469 0.019010 0.016846 0.002703 0.199463 0.631588 0.953609 0.890714 0.553823 0.228904 0.056282 0.003922 -0.001481 
#### End of iteration: 19 ####
t= 0.312500
U points:
-0.001631 0.000211 0.000174 -0.000556 0.000903 -0.000927 0.000459 0.000450 -0.001428 0.001834 -0.001086 -0.000815 0.002863 -0.003264 0.000673 0.003958 -0.006592 0.002553 0.007586 -0.013408 0.002432 0.028121 -0.003708 0.061866 0.405171 0.832899 0.970657 0.736459 0.376113 0.123745 0.020052 -0.000856 
#### End of iteration: 20 ####
t= 0.328125
U points:
-0.002231 -0.000669 0.000661 -0.000821 0.000791 -0.000314 -0.000512 0.001328 -0.001599 0.000883 0.000752 -0.002449 0.002786 -0.000741 -0.002969 0.005355 -0.002872 -0.004554 0.010364 -0.004760 -0.012227 0.023308 0.014733 -0.002691 0.202243 0.636538 0.953260 0.886974 0.552708 0.230435 0.056750 0.004448 
#### End of iteration: 21 ####
t= 0.343750
U points:
-0.001274 -0.001954 0.000723 -0.000601 0.000189 0.000559 -0.001242 0.001400 -0.000707 -0.000722 0.002141 -0.002403 0.000725 0.002315 -0.004418 0.002841 0.002752 -0.007954 0.005616 0.006202 -0.015968 0.005990 0.029994 -0.009391 0.060556 0.410248 0.835527 0.967841 0.733506 0.377015 0.124519 0.020885 
#### End of iteration: 22 ####
t= 0.359375
U points:
0.004673 -0.003027 -0.000006 0.000008 -0.000569 0.001161 -0.001229 0.000552 0.000712 -0.001907 0.002091 -0.000667 -0.001872 0.003705 -0.002663 -0.001660 0.006178 -0.005520 -0.002621 0.011623 -0.008093 -0.011570 0.027789 0.011661 -0.007322 0.205020 0.641280 0.952927 0.883034 0.552200 0.231255 0.057765 
#### End of iteration: 23 ####
t= 0.375000
U points:
0.021865 -0.002177 -0.001552 0.000543 -0.001011 0.001083 -0.000418 -0.000714 0.001723 -0.001833 0.000589 0.001568 -0.003155 0.002433 0.000996 -0.004878 0.005093 0.000616 -0.008278 0.008366 0.004443 -0.018406 0.010295 0.030904 -0.014888 0.059694 0.415031 0.838302 0.964524 0.731299 0.377383 0.125471 
#### End of iteration: 24 ####
t= 0.390625
U points:
0.059305 0.004204 -0.003188 0.000369 -0.000858 0.000335 0.000719 -0.001576 0.001616 -0.000503 -0.001355 0.002726 -0.002194 -0.000594 0.003927 -0.004576 0.000498 0.005879 -0.007623 -0.000437 0.012557 -0.011859 -0.009934 0.031815 0.008104 -0.011303 0.207545 0.646322 0.951924 0.879674 0.551593 0.231795 
#### End of iteration: 25 ####
t= 0.406250
U points:
0.127067 0.022286 -0.002861 -0.000880 -0.000306 -0.000642 0.001464 -0.001434 0.000415 0.001205 -0.002386 0.001965 0.000356 -0.003228 0.004072 -0.001096 -0.004182 0.006622 -0.001619 -0.008177 0.011238 0.001850 -0.020184 0.014928 0.030905 -0.019847 0.058670 0.420238 0.840488 0.961335 0.729500 0.377147 
#### End of iteration: 26 ####
t= 0.421875
U points:
0.232776 0.060701 0.003424 -0.002664 -0.000002 -0.001270 0.001320 -0.000331 -0.001100 0.002113 -0.001752 -0.000221 0.002711 -0.003618 0.001393 0.002990 -0.005642 0.002609 0.005124 -0.009588 0.002345 0.012756 -0.015717 -0.007325 0.034962 0.004763 -0.015388 0.210503 0.651136 0.950491 0.877047 0.550362 
#### End of iteration: 27 ####
t= 0.437500
U points:
0.376931 0.128999 0.022030 -0.002826 -0.000602 -0.001288 0.000347 0.001037 -0.001895 0.001558 0.000152 -0.002325 0.003222 -0.001515 -0.002157 0.004783 -0.003017 -0.003038 0.007815 -0.004191 -0.007380 0.013989 -0.001610 -0.020837 0.019122 0.030790 -0.024901 0.057898 0.425738 0.841854 0.958843 0.727382 
#### End of iteration: 28 ####
t= 0.453125
U points:
0.548736 0.234390 0.061418 0.002989 -0.001952 -0.001013 -0.000890 0.001767 -0.001384 -0.000130 0.002035 -0.002882 0.001533 0.001576 -0.004066 0.003114 0.001632 -0.006226 0.004809 0.003789 -0.011288 0.005803 0.011740 -0.018864 -0.004570 0.037824 0.001341 -0.019570 0.214195 0.655127 0.949349 0.874575 
#### End of iteration: 29 ####
t= 0.468750
U points:
0.724682 0.377303 0.130626 0.021545 -0.002124 -0.001104 -0.001752 0.001333 0.000151 -0.001820 0.002590 -0.001491 -0.001173 0.003483 -0.003051 -0.000692 0.004905 -0.004808 -0.001470 0.008670 -0.007229 -0.005415 0.015817 -0.005096 -0.020930 0.023063 0.030685 -0.030430 0.057979 0.430840 0.842931 0.956890 
#### End of iteration: 30 ####
t= 0.484375
U points:
0.871661 0.547338 0.236244 0.061445 0.003335 -0.001733 -0.002024 -0.000081 0.001716 -0.002341 0.001410 0.000898 -0.003016 0.002912 0.000070 -0.003847 0.004519 0.000013 -0.006453 0.007284 0.001419 -0.011953 0.009106 0.010050 -0.021395 -0.001927 0.040867 -0.002760 -0.023210 0.218151 0.658389 0.948822 
#### End of iteration: 31 ####
t= 0.500000
U points:
0.954877 0.721729 0.378346 0.131463 0.021536 -0.001405 -0.002010 -0.001760 0.002244 -0.001290 -0.000719 0.002642 -0.002741 0.000335 0.003017 -0.004117 0.000874 0.004689 -0.006716 0.000960 0.008475 -0.009944 -0.002793 0.016747 -0.008230 -0.021023 0.027348 0.030026 -0.036041 0.058877 0.435170 0.844342 
#### End of iteration: 32 ####
t= 0.515625
U points:
0.948647 0.868143 0.546705 0.237608 0.061443 0.004078 -0.001930 -0.002987 0.001271 0.000675 -0.002347 0.002559 -0.000593 -0.002375 0.003695 -0.001393 -0.003330 0.005914 -0.002276 -0.005691 0.009314 -0.001515 -0.011559 0.011782 0.008339 -0.023917 0.001083 0.043798 -0.007563 -0.025907 0.221735 0.661499 
#### End of iteration: 33 ####
t= 0.531250
U points:
0.846326 0.952208 0.719277 0.379394 0.131895 0.021919 -0.000701 -0.003454 -0.000815 0.002241 -0.002356 0.000742 0.001881 -0.003296 0.001678 0.002301 -0.005076 0.002925 0.003591 -0.008108 0.003829 0.007166 -0.011795 -0.000249 0.017406 -0.011413 -0.020943 0.032074 0.028398 -0.041109 0.060043 0.438929 
#### End of iteration: 34 ####
t= 0.546875
U points:
0.665115 0.948049 0.864685 0.546455 0.238576 0.061425 0.005365 -0.003038 -0.003083 0.002277 -0.000743 -0.001503 0.002933 -0.001816 -0.001530 0.004292 -0.003167 -0.002064 0.006772 -0.004883 -0.003839 0.010315 -0.004219 -0.010752 0.014163 0.006559 -0.026616 0.004884 0.046030 -0.012560 -0.027805 0.224632 
#### End of iteration: 35 ####
t= 0.562500
U points:
0.442921 0.848233 0.949254 0.717225 0.380447 0.131766 0.023183 -0.000803 -0.004591 0.000528 0.001358 -0.002588 0.001858 0.000953 -0.003599 0.003173 0.000983 -0.005513 0.005184 0.001481 -0.008384 0.006314 0.005409 -0.013063 0.002149 0.018079 -0.015079 -0.020159 0.036797 0.025892 -0.045253 0.060754 
#### End of iteration: 36 ####
t= 0.578125
U points:
0.227482 0.668889 0.947126 0.861270 0.546752 0.238666 0.062152 0.006406 -0.004571 -0.002276 0.002403 -0.001757 -0.000524 0.003001 -0.003049 -0.000231 0.004410 -0.005060 0.000106 0.006494 -0.006975 -0.001572 0.010530 -0.006522 -0.009924 0.016708 0.004248 -0.029137 0.009446 0.047131 -0.016975 -0.029741 
#### End of iteration: 37 ####
t= 0.593750
U points:
0.061330 0.447062 0.850086 0.945841 0.716041 0.380784 0.131806 0.024913 -0.001822 -0.004819 0.001425 0.000356 -0.002462 0.002855 -0.000284 -0.003482 0.004717 -0.001121 -0.004845 0.006838 -0.000975 -0.007755 0.008157 0.003693 -0.014237 0.004792 0.018526 -0.019276 -0.018203 0.040704 0.023376 -0.049113 
#### End of iteration: 38 ####
t= 0.609375
U points:
-0.031658 0.230261 0.673007 0.945422 0.858578 0.546930 0.238221 0.063810 0.006531 -0.005632 -0.001355 0.002121 -0.002538 0.000634 0.002712 -0.004277 0.001731 0.003492 -0.006297 0.002541 0.005262 -0.008234 0.000538 0.010482 -0.008751 -0.008961 0.019564 0.000902 -0.030657 0.013881 0.047748 -0.021100 
#### End of iteration: 39 ####
t= 0.625000
U points:
-0.052677 0.061577 0.451796 0.851258 0.942563 0.715461 0.380147 0.132748 0.026173 -0.002952 -0.004591 0.001987 -0.000706 -0.002045 0.003805 -0.002066 -0.002422 0.005590 -0.003411 -0.003227 0.007523 -0.003141 -0.006778 0.009635 0.002032 -0.015584 0.008229 0.017930 -0.023120 -0.015729 0.044073 0.020829 
#### End of iteration: 40 ####
t= 0.640625
U points:
-0.024745 -0.033995 0.233549 0.676953 0.943122 0.856933 0.546206 0.238205 0.065592 0.006163 -0.006264 -0.000483 0.001609 -0.003238 0.002222 0.001590 -0.004849 0.003809 0.001663 -0.006488 0.004563 0.003657 -0.008889 0.002354 0.010569 -0.011514 -0.007064 0.021874 -0.002827 -0.031448 0.018179 0.047899 
#### End of iteration: 41 ####
t= 0.656250
U points:
0.018681 -0.056487 0.061928 0.457028 0.851359 0.940243 0.714503 0.379329 0.134211 0.026931 -0.003934 -0.004186 0.002437 -0.002089 -0.000909 0.004136 -0.003907 -0.000514 0.005387 -0.005189 -0.001252 0.007429 -0.004769 -0.005981 0.011424 -0.000354 -0.016299 0.011828 0.016567 -0.026585 -0.012791 0.046733 
#### End of iteration: 42 ####
t= 0.671875
U points:
0.048094 -0.028268 -0.036748 0.237803 0.679877 0.941211 0.855566 0.544905 0.238730 0.067145 0.005673 -0.006753 0.000607 0.000493 -0.003370 0.003825 -0.000305 -0.004356 0.005309 -0.000488 -0.005780 0.005826 0.002336 -0.009697 0.004642 0.010055 -0.014225 -0.004507 0.023610 -0.006852 -0.031380 0.021929 
#### End of iteration: 43 ####
t= 0.687500
U points:
0.048983 0.017020 -0.061069 0.063255 0.461788 0.851119 0.938617 0.712972 0.378775 0.135743 0.027521 -0.005031 -0.003291 0.002374 -0.003455 0.000917 0.003445 -0.005133 0.001676 0.004216 -0.006023 0.000310 0.007392 -0.006619 -0.004707 0.013009 -0.003203 -0.016364 0.015483 0.014355 -0.029295 -0.009872 
#### End of iteration: 44 ####
t= 0.703125
U points:
0.024967 0.048933 -0.032559 -0.038983 0.242343 0.681976 0.939965 0.853945 0.543551 0.239425 0.068719 0.004810 -0.006786 0.001653 -0.001229 -0.002547 0.004808 -0.002445 -0.002861 0.005722 -0.002091 -0.005089 0.007087 0.000717 -0.010227 0.007173 0.008935 -0.016773 -0.001257 0.024457 -0.010728 -0.030705 
#### End of iteration: 45 ####
t= 0.718750
U points:
-0.007635 0.051734 0.014952 -0.065817 0.065432 0.465722 0.851155 0.937099 0.711261 0.378259 0.137529 0.027723 -0.006056 -0.001877 0.001439 -0.004220 0.002958 0.001744 -0.005174 0.003194 0.003059 -0.006674 0.001965 0.007084 -0.008511 -0.002960 0.014290 -0.006513 -0.015534 0.018803 0.011508 -0.031030 
#### End of iteration: 46 ####
t= 0.734375
U points:
-0.030356 0.028141 0.049896 -0.037577 -0.040273 0.246487 0.683890 0.938977 0.852261 0.542030 0.240424 0.070197 0.003523 -0.006037 0.002136 -0.003147 -0.000724 0.004542 -0.003807 -0.001402 0.005814 -0.003581 -0.004190 0.008237 -0.001193 -0.010406 0.009922 0.007038 -0.018841 0.002514 0.024157 -0.013743 
#### End of iteration: 47 ####
t= 0.750000
U points:
-0.032601 -0.005659 0.055046 0.011984 -0.069997 0.067780 0.469244 0.851314 0.935728 0.709321 0.377833 0.139635 0.027248 -0.006563 -0.000276 -0.000475 -0.003708 0.004143 0.000114 -0.004792 0.004409 0.001799 -0.007113 0.003719 0.006453 -0.010416 -0.000635 0.015036 -0.010161 -0.013531 0.021053 0.008975 
#### End of iteration: 48 ####
t= 0.765625
U points:
-0.016226 -0.030506 0.032021 0.050218 -0.042626 -0.041031 0.250343 0.685658 0.938216 0.850517 0.540267 0.241970 0.071217 0.002060 -0.004338 0.001336 -0.004158 0.000992 0.003785 -0.004703 0.000036 0.005643 -0.004993 -0.003059 0.009255 -0.003448 -0.010092 0.012831 0.004071 -0.019697 0.005857 0.023488 
#### End of iteration: 49 ####
t= 0.781250
U points:
0.007042 -0.034662 -0.003152 0.058227 0.008512 -0.073674 0.070184 0.472464 0.851548 0.934574 0.706962 0.377772 0.141906 0.025864 -0.005802 0.000391 -0.002253 -0.002660 0.004724 -0.001366 -0.004138 0.005394 0.000427 -0.007337 0.005587 0.005452 -0.012352 0.002575 0.014540 -0.013225 -0.011098 0.022482 
#### End of iteration: 50 ####
t= 0.796875
U points:
0.023195 -0.018995 -0.030489 0.036246 0.049920 -0.047520 -0.041441 0.253998 0.687226 0.937810 0.848530 0.538326 0.244360 0.071000 0.001542 -0.002793 -0.000026 -0.004456 0.002432 0.002778 -0.005249 0.001451 0.005231 -0.006315 -0.001725 0.010241 -0.006376 -0.008617 0.015029 0.000733 -0.019522 0.008384 
#### End of iteration: 51 ####
t= 0.812500
U points:
0.023939 0.005082 -0.036911 -0.000087 0.061039 0.004784 -0.076973 0.072675 0.475327 0.851947 0.933667 0.703824 0.378876 0.143230 0.024652 -0.004455 0.000262 -0.003642 -0.001405 0.004869 -0.002689 -0.003259 0.006128 -0.000956 -0.007533 0.007926 0.003455 -0.013525 0.006035 0.012925 -0.015232 -0.009068 
#### End of iteration: 52 ####
t= 0.828125
U points:
0.010683 0.023056 -0.022141 -0.030026 0.040524 0.049156 -0.052267 -0.041531 0.257465 0.688474 0.938176 0.845487 0.537293 0.246552 0.070186 0.001890 -0.001733 -0.001543 -0.004263 0.003592 0.001594 -0.005427 0.002688 0.004843 -0.007943 0.000390 0.010494 -0.009423 -0.006047 0.015983 -0.002071 -0.019202 
#### End of iteration: 53 ####
t= 0.843750
U points:
-0.007303 0.025594 0.002774 -0.039037 0.003370 0.063463 0.000913 -0.080015 0.075457 0.477371 0.853325 0.931953 0.700894 0.380558 0.143632 0.024009 -0.003006 -0.000389 -0.004647 -0.000038 0.004570 -0.003663 -0.002492 0.007046 -0.002890 -0.007099 0.010286 0.000466 -0.013356 0.008790 0.011108 -0.016739 
#### End of iteration: 54 ####
t= 0.859375
U points:
-0.018998 0.013119 0.022755 -0.025506 -0.029068 0.044664 0.048158 -0.057160 -0.040802 0.259938 0.690416 0.938387 0.841909 0.537202 0.248089 0.069322 0.002779 -0.001138 -0.003099 -0.003587 0.004259 0.000626 -0.005709 0.004252 0.003985 -0.009542 0.003353 0.009408 -0.011613 -0.003319 0.016225 -0.004395 
#### End of iteration: 55 ####
t= 0.875000
U points:
-0.018165 -0.005500 0.027329 0.000030 -0.040779 0.006882 0.065883 -0.003632 -0.082018 0.077574 0.479453 0.855233 0.929336 0.698688 0.382216 0.143480 0.023901 -0.001585 -0.001534 -0.005045 0.001003 0.004335 -0.004760 -0.001448 0.007939 -0.005521 -0.005411 0.011693 -0.002578 -0.012358 0.010822 0.009445 
#### End of iteration: 56 ####
t= 0.890625
U points:
-0.006531 -0.018850 0.015843 0.021972 -0.028669 -0.028084 0.049229 0.046181 -0.061311 -0.040036 0.261795 0.693207 0.937880 0.838443 0.537648 0.249020 0.068553 0.004157 -0.001232 -0.004227 -0.002963 0.004876 -0.000415 -0.006018 0.006378 0.002015 -0.010162 0.006252 0.007469 -0.012869 -0.000875 0.016232 
#### End of iteration: 57 ####
t= 0.906250
U points:
0.007949 -0.019743 -0.003273 0.028653 -0.002609 -0.042731 0.011152 0.067499 -0.008155 -0.083290 0.078810 0.482181 0.856989 0.926252 0.697139 0.383697 0.142849 0.024543 -0.000677 -0.002619 -0.005254 0.001914 0.004212 -0.006313 0.000534 0.007898 -0.007985 -0.002921 0.012023 -0.005164 -0.011066 0.012413 
#### End of iteration: 58 ####
t= 0.921875
U points:
0.016339 -0.008940 -0.018220 0.018265 0.021324 -0.032291 -0.026374 0.053621 0.043464 -0.064455 -0.039883 0.263748 0.696396 0.936731 0.835250 0.538533 0.249148 0.068366 0.005464 -0.001622 -0.005038 -0.002561 0.005871 -0.002206 -0.005496 0.008271 -0.000660 -0.009647 0.008522 0.005263 -0.013470 0.001195 
#### End of iteration: 59 ####
t= 0.937500
U points:
0.014113 0.006041 -0.020862 -0.001249 0.030191 -0.005744 -0.044410 0.016017 0.068006 -0.011974 -0.084567 0.079630 0.485478 0.858424 0.922818 0.696420 0.384523 0.142300 0.025566 -0.000249 -0.003360 -0.005796 0.003391 0.003404 -0.007611 0.003106 0.006737 -0.009689 -0.000248 0.011554 -0.007129 -0.009926 
#### End of iteration: 60 ####
t= 0.953125
U points:
0.003510 0.015939 -0.011010 -0.017692 0.020894 0.020450 -0.036295 -0.023598 0.057146 0.040760 -0.067069 -0.040268 0.265973 0.699842 0.934792 0.832788 0.539307 0.248815 0.068796 0.006311 -0.001698 -0.006245 -0.001649 0.006634 -0.004473 -0.003929 0.009329 -0.003411 -0.008264 0.009937 0.003347 -0.014062 
#### End of iteration: 61 ####
t= 0.968750
U points:
-0.008352 0.015353 0.004254 -0.021951 0.000819 0.031963 -0.009751 -0.045123 0.020722 0.067890 -0.015163 -0.086045 0.080194 0.489464 0.859109 0.919564 0.696220 0.384595 0.142312 0.026281 0.000432 -0.004424 -0.006167 0.005245 0.001671 -0.008062 0.005652 0.004707 -0.010350 0.001948 0.011035 -0.009136 
#### End of iteration: 62 ####
t= 0.984375
U points:
-0.014147 0.005603 0.015386 -0.012887 -0.017384 0.024149 0.018667 -0.039943 -0.020247 0.059877 0.038281 -0.069337 -0.041284 0.268874 0.703050 0.932343 0.831209 0.539413 0.248781 0.069099 0.007302 -0.001851 -0.007753 0.000043 0.006597 -0.006636 -0.001541 0.009221 -0.005487 -0.006863 0.011206 0.001166 
#### End of iteration: 63 ####
t= 1.000000
U points:
-0.010806 -0.006625 0.016197 0.002797 -0.023478 0.003601 0.033265 -0.014151 -0.044949 0.025039 0.067368 -0.017659 -0.088093 0.080965 0.493900 0.858842 0.917110 0.695721 0.384669 0.142345 0.026967 0.001365 -0.006114 -0.005834 0.006953 -0.000812 -0.007288 0.007345 0.002746 -0.010725 0.004188 0.010055 
#### End of iteration: 64 ####
t= 1.015625
U points:
-0.001081 -0.013723 0.007196 0.015200 -0.015233 -0.016639 0.027581 0.016058 -0.043004 -0.016569 0.061794 0.036365 -0.071690 -0.042733 0.272695 0.705346 0.930245 0.829752 0.539328 0.248874 0.069178 0.008770 -0.002574 -0.009114 0.002406 0.005334 -0.007813 0.000664 0.008743 -0.007377 -0.005132 0.012060 
#### End of iteration: 65 ####
t= 1.031250
U points:
0.008556 -0.011814 -0.005306 0.017307 0.001061 -0.025042 0.007024 0.033873 -0.018668 -0.043915 0.028675 0.066837 -0.019623 -0.090999 0.082654 0.497895 0.858382 0.915036 0.694990 0.384938 0.142036 0.028069 0.002193 -0.008399 -0.004321 0.007593 -0.002992 -0.006117 0.008645 0.000644 -0.010667 0.006365 
#### End of iteration: 66 ####
t= 1.046875
U points:
0.012146 -0.002808 -0.013454 0.008855 0.015038 -0.018002 -0.015238 0.030903 0.012699 -0.045239 -0.012926 0.063025 0.035338 -0.074871 -0.043708 0.276691 0.707098 0.928525 0.828135 0.539445 0.248705 0.069288 0.010776 -0.004395 -0.009379 0.004360 0.003688 -0.008430 0.002794 0.007885 -0.009076 -0.002963 
#### End of iteration: 67 ####
t= 1.062500
U points:
0.007891 0.007204 -0.012693 -0.004112 0.018679 -0.001175 -0.026358 0.010971 0.033607 -0.022988 -0.042127 0.031275 0.067067 -0.021968 -0.094044 0.084951 0.501338 0.858092 0.912924 0.694361 0.385254 0.141219 0.030172 0.001952 -0.010199 -0.002468 0.007553 -0.004882 -0.004672 0.009658 -0.001756 -0.009819 
#### End of iteration: 68 ####
t= 1.078125
U points:
-0.001010 0.011975 -0.004243 -0.013389 0.010818 0.014621 -0.021053 -0.013067 0.033857 0.008670 -0.046279 -0.010107 0.064488 0.034512 -0.078629 -0.044025 0.280430 0.708740 0.926907 0.826392 0.540040 0.247628 0.070397 0.012262 -0.006498 -0.008895 0.005828 0.001913 -0.008709 0.005057 0.006293 -0.010017 
#### End of iteration: 69 ####
t= 1.093750
U points:
-0.008670 0.008951 0.006102 -0.013710 -0.002765 0.020162 -0.003972 -0.027232 0.015392 0.032102 -0.026320 -0.040499 0.033498 0.067872 -0.024948 -0.096743 0.087409 0.504446 0.858055 0.910385 0.694538 0.384656 0.140914 0.032504 0.000939 -0.011353 -0.000648 0.007172 -0.006744 -0.002614 0.009857 -0.003830 
#### End of iteration: 70 ####
t= 1.109375
U points:
-0.010356 0.000573 0.011856 -0.005674 -0.013376 0.013106 0.013821 -0.024377 -0.009763 0.035672 0.004875 -0.046759 -0.007980 0.066501 0.033357 -0.082520 -0.043841 0.283720 0.710782 0.924628 0.825468 0.540154 0.246349 0.072271 0.012991 -0.008406 -0.008107 0.007130 -0.000313 -0.008181 0.006876 0.004433 
#### End of iteration: 71 ####
t= 1.125000
U points:
-0.005383 -0.007574 0.009856 0.005097 -0.014866 -0.001197 0.021797 -0.007690 -0.026929 0.019414 0.029967 -0.028748 -0.039413 0.035907 0.068821 -0.028472 -0.098794 0.089409 0.508043 0.857346 0.908298 0.694902 0.383306 0.141428 0.034499 -0.000309 -0.012234 0.001441 0.006049 -0.008064 -0.000380 0.009381 
#### End of iteration: 72 ####
t= 1.140625
U points:
0.002705 -0.010437 0.001948 0.011778 -0.007126 -0.013509 0.016088 0.011946 -0.027149 -0.005908 0.036401 0.001743 -0.047273 -0.006140 0.069050 0.031473 -0.085827 -0.044031 0.287456 0.712431 0.922203 0.825283 0.539411 0.245510 0.074291 0.013383 -0.010401 -0.006688 0.007830 -0.002596 -0.006969 0.008032 
#### End of iteration: 73 ####
t= 1.156250
U points:
0.008611 -0.006596 -0.006517 0.010605 0.004327 -0.016547 0.001245 0.022822 -0.011789 -0.025480 0.022578 0.027819 -0.030658 -0.038931 0.039007 0.069108 -0.031621 -0.101063 0.091643 0.511730 0.855952 0.907105 0.694751 0.381883 0.142303 0.036422 -0.002039 -0.012498 0.003459 0.004294 -0.008615 0.001599 
#### End of iteration: 74 ####
t= 1.171875
U points:
0.008736 0.001086 -0.010249 0.002947 0.012148 -0.009222 -0.013094 0.019278 0.009010 -0.028902 -0.002129 0.036405 -0.000584 -0.048428 -0.003699 0.071188 0.029682 -0.089132 -0.044330 0.291753 0.713190 0.920374 0.825117 0.538296 0.244865 0.076633 0.013188 -0.012209 -0.004735 0.007703 -0.004480 -0.005501 
#### End of iteration: 75 ####
t= 1.187500
U points:
0.003355 0.007541 -0.007288 -0.005923 0.011800 0.003166 -0.018332 0.004568 0.022783 -0.015654 -0.023227 0.024674 0.026369 -0.033008 -0.038099 0.042030 0.069206 -0.034528 -0.103776 0.094666 0.514744 0.854616 0.906304 0.694311 0.380285 0.143690 0.038068 -0.004177 -0.011926 0.004944 0.002372 -0.008645 
#### End of iteration: 76 ####
t= 1.203125
U points:
-0.003772 0.008809 0.000009 -0.010383 0.004138 0.012616 -0.011997 -0.011698 0.022096 0.005322 -0.029373 0.000777 0.036718 -0.003064 -0.049530 -0.001015 0.072915 0.028323 -0.093051 -0.043963 0.295873 0.713558 0.918941 0.825004 0.536755 0.244540 0.079246 0.012203 -0.013371 -0.002740 0.007038 -0.006019 
#### End of iteration: 77 ####
t= 1.218750
U points:
-0.007993 0.004463 0.006750 -0.007985 -0.005507 0.013514 0.001204 -0.019696 0.008509 0.021370 -0.018419 -0.021263 0.026659 0.025004 -0.035576 -0.036780 0.044531 0.069786 -0.037966 -0.106216 0.097997 0.517257 0.853365 0.905860 0.693536 0.378529 0.145781 0.038998 -0.006212 -0.010854 0.005977 0.000284 
#### End of iteration: 78 ####
t= 1.234375
U points:
-0.006811 -0.002350 0.008748 -0.000757 -0.010949 0.005911 0.012723 -0.015253 -0.008971 0.023635 0.002022 -0.029516 0.003334 0.037259 -0.005970 -0.050036 0.001200 0.074996 0.026719 -0.097138 -0.043070 0.299733 0.713654 0.917869 0.824963 0.534607 0.244951 0.081615 0.010801 -0.014007 -0.000705 0.005703 
#### End of iteration: 79 ####
t= 1.250000
U points:
-0.001422 -0.007137 0.005115 0.006383 -0.009063 -0.004879 0.015627 -0.001956 -0.019707 0.011910 0.019526 -0.020524 -0.019656 0.028951 0.023095 -0.037615 -0.035724 0.047136 0.070458 -0.041837 -0.108253 0.101444 0.519381 0.852140 0.905941 0.692040 0.377126 0.148169 0.039371 -0.008149 -0.009178 0.006194 
#### End of iteration: 80 ####
t= 1.265625
U points:
0.004161 -0.007027 -0.001406 0.008922 -0.001537 -0.011916 0.008720 0.011528 -0.017840 -0.005827 0.024251 -0.000681 -0.029893 0.006257 0.037267 -0.008586 -0.050515 0.003266 0.077385 0.024697 -0.101146 -0.041834 0.303434 0.713317 0.917510 0.824498 0.532284 0.245895 0.083759 0.008910 -0.013798 0.000852 
#### End of iteration: 81 ####
t= 1.281250
U points:
0.005758 -0.002566 -0.006435 0.005582 0.006497 -0.011037 -0.003096 0.017025 -0.005449 -0.018646 0.014432 0.017960 -0.022773 -0.017645 0.030885 0.021138 -0.039378 -0.034945 0.050064 0.070927 -0.045901 -0.110035 0.105169 0.520801 0.851411 0.906103 0.690064 0.376035 0.150901 0.038921 -0.009512 -0.007348 
#### End of iteration: 82 ####
t= 1.296875
U points:
0.001757 0.002758 -0.006890 -0.001074 0.009908 -0.003276 -0.012223 0.011772 0.009227 -0.019306 -0.003110 0.024837 -0.003541 -0.029918 0.009137 0.036923 -0.010837 -0.051229 0.005515 0.079801 0.022444 -0.105240 -0.039971 0.306540 0.712996 0.917589 0.823676 0.529757 0.247587 0.085252 0.006963 -0.012915 
#### End of iteration: 83 ####
t= 1.312500
U points:
-0.005692 0.004859 -0.002947 -0.006527 0.006810 0.006096 -0.013210 -0.000261 0.017157 -0.008319 -0.017485 0.016823 0.016172 -0.024860 -0.015332 0.032335 0.019440 -0.041231 -0.034130 0.053095 0.071372 -0.050414 -0.111162 0.108726 0.521820 0.851085 0.906362 0.687447 0.375628 0.153565 0.037835 -0.010149 
#### End of iteration: 84 ####
t= 1.328125
U points:
-0.011516 0.001763 0.002183 -0.007351 -0.000430 0.011122 -0.005980 -0.011231 0.014025 0.006861 -0.020395 -0.000410 0.025213 -0.006547 -0.029417 0.011633 0.036624 -0.013061 -0.051942 0.007762 0.082481 0.019601 -0.108994 -0.037810 0.309177 0.712680 0.918216 0.822183 0.527413 0.249818 0.085978 0.005256 
#### End of iteration: 85 ####
t= 1.343750
U points:
-0.009781 -0.004929 0.004441 -0.003419 -0.006952 0.008926 0.004456 -0.014482 0.002546 0.016756 -0.010886 -0.016178 0.019176 0.013943 -0.026431 -0.013135 0.033660 0.017752 -0.042982 -0.033506 0.056558 0.071391 -0.055038 -0.111791 0.112132 0.522371 0.851417 0.906360 0.684416 0.375971 0.155906 0.036241 
#### End of iteration: 86 ####
t= 1.359375
U points:
0.004524 -0.010535 0.001652 0.002100 -0.008664 0.001337 0.011427 -0.008554 -0.009650 0.015716 0.004515 -0.021315 0.002539 0.025022 -0.009276 -0.028765 0.014009 0.036180 -0.015043 -0.052956 0.010378 0.085090 0.016347 -0.112438 -0.035314 0.311144 0.712694 0.919148 0.820008 0.525454 0.252493 0.085645 
#### End of iteration: 87 ####
t= 1.375000
U points:
0.035050 -0.009122 -0.004847 0.004895 -0.004880 -0.006546 0.010850 0.002248 -0.015006 0.005112 0.016152 -0.013474 -0.014376 0.021085 0.011660 -0.027763 -0.010866 0.034661 0.016355 -0.044982 -0.032745 0.060255 0.071031 -0.059789 -0.111775 0.115099 0.522715 0.852359 0.905958 0.681036 0.377363 0.157200 
#### End of iteration: 88 ####
t= 1.390625
U points:
0.084896 0.004664 -0.010491 0.002410 0.001332 -0.009792 0.003616 0.010892 -0.010672 -0.007931 0.017232 0.001851 -0.021696 0.005357 0.024557 -0.011919 -0.027785 0.016005 0.035922 -0.017100 -0.054068 0.013302 0.087633 0.012583 -0.115319 -0.032756 0.312551 0.713111 0.920353 0.816858 0.524576 0.254738 
#### End of iteration: 89 ####
t= 1.406250
U points:
0.157446 0.034897 -0.009243 -0.004260 0.005241 -0.006806 -0.005293 0.012156 0.000027 -0.015237 0.007769 0.015025 -0.015728 -0.012388 0.022755 0.009160 -0.028627 -0.008840 0.035648 0.015043 -0.047158 -0.031854 0.064257 0.070079 -0.064389 -0.111282 0.117622 0.522846 0.854189 0.904502 0.678122 0.379229 
#### End of iteration: 90 ####
t= 1.421875
U points:
0.255817 0.084875 0.004490 -0.010478 0.003618 -0.000237 -0.010217 0.005766 0.010035 -0.012666 -0.005804 0.018264 -0.000820 -0.021766 0.008203 0.023624 -0.014190 -0.026782 0.017832 0.035773 -0.019223 -0.055329 0.016714 0.089838 0.008523 -0.117709 -0.030094 0.313138 0.714523 0.921088 0.813230 0.524870 
#### End of iteration: 91 ####
t= 1.437500
U points:
0.380365 0.157825 0.034960 -0.009846 -0.002941 0.004879 -0.008484 -0.003760 0.013180 -0.002424 -0.014926 0.010219 0.013629 -0.017820 -0.010044 0.023933 0.006739 -0.029242 -0.006970 0.036613 0.013861 -0.049670 -0.030569 0.068309 0.068674 -0.068921 -0.110075 0.119185 0.523419 0.856496 0.901822 0.676494 
#### End of iteration: 92 ####
t= 1.453125
U points:
0.525167 0.256466 0.085420 0.003652 -0.009815 0.004517 -0.002007 -0.010279 0.007958 0.008671 -0.014265 -0.003546 0.019008 -0.003649 -0.021314 0.010801 0.022451 -0.016185 -0.025746 0.019453 0.035882 -0.021672 -0.056461 0.020418 0.091830 0.003959 -0.119173 -0.027879 0.313229 0.717174 0.920473 0.810369 
#### End of iteration: 93 ####
t= 1.468750
U points:
0.675502 0.380800 0.158820 0.034478 -0.010140 -0.001501 0.004145 -0.010053 -0.001822 0.013690 -0.004817 -0.014301 0.012613 0.011792 -0.019503 -0.007581 0.024739 0.004382 -0.029578 -0.005401 0.037815 0.012509 -0.052278 -0.029051 0.072600 0.066473 -0.072949 -0.108386 0.119479 0.525358 0.858012 0.899063 
#### End of iteration: 94 ####
t= 1.484375
U points:
0.808383 0.524853 0.257529 0.085718 0.002752 -0.008822 0.005212 -0.004051 -0.009789 0.009904 0.007063 -0.015638 -0.001018 0.019261 -0.006406 -0.020483 0.013179 0.021017 -0.017770 -0.024942 0.021181 0.035981 -0.024259 -0.057633 0.024665 0.093297 -0.000981 -0.119351 -0.027059 0.314092 0.719954 0.919066 
#### End of iteration: 95 ####
t= 1.500000
U points:
0.896972 0.674223 0.381357 0.159858 0.033735 -0.010199 0.000090 0.002892 -0.011230 0.000226 0.013882 -0.007272 -0.013207 0.014740 0.009682 -0.020836 -0.004979 0.025051 0.002355 -0.029968 -0.003844 0.039056 0.011136 -0.055151 -0.027117 0.077109 0.063068 -0.075525 -0.107458 0.119566 0.528196 0.858500 
#### End of iteration: 96 ####
t= 1.515625
U points:
0.917870 0.806440 0.524454 0.258770 0.085808 0.001789 -0.007384 0.005436 -0.006051 -0.008977 0.011723 0.005098 -0.016604 0.001597 0.019117 -0.009123 -0.019171 0.015082 0.019666 -0.019248 -0.024174 0.022903 0.036159 -0.027046 -0.058933 0.029912 0.093310 -0.005099 -0.119239 -0.027257 0.316085 0.721995 
#### End of iteration: 97 ####
t= 1.531250
U points:
0.858796 0.895072 0.672826 0.382039 0.160917 0.032639 -0.009769 0.001504 0.001381 -0.012147 0.002465 0.013617 -0.009606 -0.011776 0.016658 0.007208 -0.021581 -0.002584 0.025186 0.000471 -0.030337 -0.002310 0.040289 0.009936 -0.058790 -0.023868 0.080711 0.059374 -0.076933 -0.107763 0.120425 0.530858 
#### End of iteration: 98 ####
t= 1.546875
U points:
0.723711 0.916794 0.804486 0.524011 0.260274 0.085447 0.001097 -0.005788 0.005337 -0.008070 -0.007746 0.013242 0.002943 -0.017261 0.004390 0.018369 -0.011466 -0.017699 0.016687 0.018375 -0.020691 -0.023292 0.024328 0.036959 -0.030891 -0.059334 0.035342 0.092060 -0.007826 -0.119916 -0.027336 0.318374 
#### End of iteration: 99 ####
t= 1.562500
U points:
0.533350 0.859011 0.893312 0.671221 0.383090 0.161662 0.031494 -0.009020 0.002793 -0.000450 -0.012652 0.004705 0.013036 -0.011920 -0.009831 0.018064 0.004686 -0.021910 -0.000421 0.025302 -0.001515 -0.030320 -0.001376 0.042326 0.007991 -0.062498 -0.019401 0.082753 0.056553 -0.078364 -0.108473 0.121709 
#### End of iteration: 100 ####
t= 1.578125
U points:
0.320785 0.725170 0.915942 0.802264 0.523861 0.261732 0.084817 0.000623 -0.004002 0.004793 -0.009904 -0.006279 0.014588 0.000446 -0.017351 0.007069 0.017176 -0.013369 -0.016312 0.018333 0.016712 -0.021509 -0.023061 0.026260 0.037821 -0.035803 -0.058113 0.039734 0.090780 -0.009980 -0.121102 -0.027214 
