Grid configuration:
N: 32.000000, L: 1.000000, h: 0.031250, CFL: 0.500000, dt: 0.015625, nt: 100.000000, c: 1.000000, sigma: 0.062500
Initial condition (U points):
0.000000 0.000000 0.000000 0.000000 0.000000 0.000000 0.000000 0.000000 0.000000 0.000005 0.000123 0.001930 0.018316 0.105399 0.367879 0.778801 1.000000 0.778801 0.367879 0.105399 0.018316 0.001930 0.000123 0.000005 0.000000 0.000000 0.000000 0.000000 0.000000 0.000000 0.000000 0.000000 
#### End of iteration: 0 ####
t= 0.015625
U points:
0.000000 0.000000 0.000000 0.000000 0.000000 0.000000 0.000000 0.000000 0.000006 0.000090 0.001051 0.009139 0.057671 0.255641 0.773338 1.563984 2.091697 1.843155 1.065335 0.394499 0.084712 0.005461 -0.002170 -0.000587 -0.000026 0.000010 0.000001 -0.000000 -0.000000 -0.000000 0.000000 0.000000 
#### End of iteration: 1 ####
t= 0.031250
U points:
-0.000000 -0.000000 -0.000000 0.000000 0.000000 0.000000 0.000000 0.000005 0.000058 0.000593 0.004875 0.031681 0.158749 0.596138 1.632311 3.188710 4.385245 4.218845 2.820427 1.280461 0.363166 0.041723 -0.011419 -0.005686 -0.000741 0.000112 0.000048 0.000003 -0.000001 -0.000000 0.000000 0.000000 
#### End of iteration: 2 ####
t= 0.046875
U points:
0.000000 -0.000000 -0.000000 0.000000 0.000000 0.000000 0.000003 0.000036 0.000341 0.002697 0.017735 0.095115 0.407217 1.359454 3.458283 6.575607 9.223763 9.472297 7.066770 3.755884 1.338734 0.251598 -0.021963 -0.028761 -0.007268 -0.000075 0.000406 0.000087 -0.000004 -0.000004 -0.000000 0.000000 
#### End of iteration: 3 ####
t= 0.062500
U points:
0.000000 0.000000 -0.000000 0.000000 0.000000 0.000002 0.000022 0.000198 0.001525 0.010088 0.056437 0.262860 1.001147 3.058217 7.351323 13.679133 19.468260 21.021095 17.081599 10.275513 4.379714 1.146097 0.050528 -0.097614 -0.041246 -0.005506 0.001485 0.000763 0.000085 -0.000026 -0.000009 -0.000000 
#### End of iteration: 4 ####
t= 0.078125
U points:
0.000001 0.000001 0.000000 0.000000 0.000001 0.000013 0.000115 0.000875 0.005808 0.033438 0.165027 0.688738 2.394048 6.820017 15.672794 28.653542 41.228129 46.313138 40.291578 26.769364 13.144675 4.350424 0.628434 -0.226949 -0.168253 -0.042465 0.000552 0.003693 0.000998 -0.000005 -0.000066 -0.000014 
#### End of iteration: 5 ####
t= 0.093750
U points:
-0.000012 0.000005 0.000002 0.000001 0.000008 0.000068 0.000507 0.003375 0.019838 0.102111 0.455455 1.739651 5.616637 15.121368 33.500374 60.354741 87.578190 101.568484 93.416663 67.317240 37.057571 14.631189 3.320698 -0.232164 -0.537084 -0.209562 -0.026459 0.010785 0.005890 0.000866 -0.000217 -0.000117 
#### End of iteration: 6 ####
t= 0.109375
U points:
-0.000155 0.000001 0.000012 0.000007 0.000040 0.000296 0.001975 0.011795 0.062679 0.293990 1.205767 4.279562 12.998094 33.395515 71.769845 127.709873 186.555475 222.098419 213.911183 164.912850 99.738136 45.219932 13.468828 1.046877 -1.358260 -0.802196 -0.193814 0.009952 0.023423 0.007011 0.000124 -0.000544 
#### End of iteration: 7 ####
t= 0.125000
U points:
-0.000915 -0.000145 0.000036 0.000043 0.000176 0.001162 0.007029 0.038301 0.186846 0.809998 3.094384 10.322492 29.778123 73.553205 154.066939 271.261905 398.388338 484.765416 485.351695 396.085329 259.167930 131.414381 47.360867 8.444991 -2.467860 -2.546115 -0.916800 -0.097331 0.064445 0.034716 0.005762 -0.001359 
#### End of iteration: 8 ####
t= 0.140625
U points:
-0.003472 -0.001178 -0.000030 0.000188 0.000713 0.004199 0.023343 0.117530 0.532573 2.157321 7.753537 24.525810 67.701523 161.690897 331.325446 578.029397 852.665571 1056.879774 1093.666998 936.912643 655.389090 364.598944 151.850422 38.963359 -1.159985 -6.824481 -3.458592 -0.766887 0.089010 0.126792 0.039157 0.000992 
#### End of iteration: 9 ####
t= 0.156250
U points:
-0.007747 -0.005729 -0.001054 0.000590 0.002662 0.014234 0.073401 0.344872 1.465195 5.594188 19.065986 57.589417 153.017800 354.964534 713.666113 1235.114667 1828.619585 2302.680178 2451.490524 2189.883037 1622.297156 975.917814 456.090352 146.804053 16.028925 -15.019381 -11.121276 -3.659288 -0.263727 0.348076 0.177860 0.030489 
#### End of iteration: 10 ####
t= 0.171875
U points:
0.003643 -0.019530 -0.007021 0.001029 0.009176 0.045821 0.220876 0.976116 3.917656 14.198090 46.182624 133.963749 344.255327 778.525324 1539.427727 2645.454216 3928.725048 5015.284055 5472.829254 5070.153123 3947.678239 2539.277763 1304.705038 493.848633 100.698321 -23.199275 -31.213557 -13.953385 -2.701694 0.610677 0.627005 0.191254 
#### End of iteration: 11 ####
t= 0.187500
U points:
0.138663 -0.042445 -0.030797 -0.001580 0.029154 0.141240 0.641139 2.682281 10.233393 35.408403 110.504289 309.271627 771.660226 1706.369958 3324.959955 5678.038613 8454.457225 10922.117522 12179.150228 11649.477348 9474.260990 6458.353092 3594.056516 1541.322037 426.951002 1.215004 -76.158036 -45.888517 -13.586416 -0.276422 1.755411 0.834779 
#### End of iteration: 12 ####
t= 0.203125
U points:
0.852162 -0.000339 -0.099375 -0.021942 0.085363 0.419174 1.806041 7.191826 26.218237 87.032527 261.756347 709.576760 1724.607856 3738.323788 7189.913229 12209.395436 18220.390677 23786.638257 27035.698948 26600.923114 22481.603045 16123.990058 9608.063221 4557.125234 1537.783248 203.689372 -154.100514 -134.041693 -53.374239 -8.353249 3.599319 2.915241 
#### End of iteration: 13 ####
t= 0.218750
U points:
3.678940 0.559506 -0.217590 -0.106026 0.231455 1.202251 4.959928 18.888912 66.089213 211.341110 614.841718 1619.683770 3845.155174 8187.488660 15564.140619 26296.521465 39319.508732 51810.656060 59895.925334 60433.027865 52848.813778 39643.126246 25068.698503 12929.943768 5036.734145 1116.740569 -210.264681 -350.260053 -180.833897 -47.018399 2.725420 8.391086 
#### End of iteration: 14 ####
t= 0.234375
U points:
12.923940 3.537601 -0.093972 -0.340759 0.590291 3.342617 13.326651 48.747956 164.314961 507.960521 1434.022354 3681.284303 8556.271477 17928.515560 33724.915311 56719.916104 84954.205739 112874.397688 132485.732584 136716.096539 123264.947341 96229.611893 64111.345316 35513.126348 15470.998351 4494.979188 114.781620 -807.087016 -548.395082 -194.277776 -20.899421 19.176692 
#### End of iteration: 15 ####
t= 0.250000
U points:
38.353439 15.427753 2.087222 -0.678827 1.469933 9.039038 35.127183 123.927111 403.748048 1210.254024 3324.598073 8336.806537 19008.641216 39255.009143 73141.803923 122501.712361 183756.356893 245970.239875 292676.976772 308202.126765 285612.127325 231083.903404 161244.410363 95008.312889 45334.911857 15741.807012 2333.958593 -1547.057592 -1510.002622 -683.607559 -149.716270 27.630013 
#### End of iteration: 16 ####
t= 0.265625
U points:
94.960977 55.086159 14.038959 0.229991 3.826485 23.880481 91.031017 310.959891 982.057685 2861.927564 7668.135294 18822.097520 42172.789545 85947.072023 158759.068991 264888.682110 397869.141515 536159.155801 645896.078144 692733.530336 658081.989088 549862.965433 399866.803223 248722.692627 128101.717556 50716.319001 11838.589525 -1927.269504 -3772.435817 -2153.053569 -670.816979 -27.300656 
#### End of iteration: 17 ####
t= 0.281250
U points:
177.868198 168.736551 62.636337 10.152923 11.221727 62.020076 232.372803 771.389392 2367.755157 6723.822204 17608.273548 42383.561264 93459.695599 188180.062738 344859.366435 573392.727934 862269.259664 1169060.830152 1424218.606566 1553136.050434 1509049.890382 1298181.683895 979794.235666 639414.473083 351605.407034 154302.607983 46144.155686 1828.855102 -8384.277260 -6198.232517 -2479.589918 -421.863590 
#### End of iteration: 18 ####
t= 0.296875
U points:
124.919981 444.817713 228.641575 61.567455 37.596376 159.615401 585.377572 1894.316163 5664.857790 15707.759150 40278.747428 95224.160771 206921.413093 412039.401133 749638.127919 1242417.505567 1870331.903997 2549865.314562 3138333.322309 3474783.630418 3446186.727414 3044268.415290 2376182.801413 1618692.547251 942355.710657 449937.337891 158801.077331 25091.086052 -15542.296292 -16422.184704 -8136.711824 -2173.073373 
#### End of iteration: 19 ####
t= 0.312500
U points:
-930.850025 966.249575 722.765997 268.469520 135.430175 410.846123 1458.162141 4610.314066 13461.454842 36513.843082 91829.193170 213525.302681 457762.099789 902274.456573 1630593.175805 2694472.601275 4060125.110117 5563345.560611 6911706.148071 7759878.528285 7842010.537776 7097192.053820 5711560.071930 4044097.459751 2475946.488928 1269262.362034 506506.537614 121769.156633 -18331.528373 -39851.916626 -24416.812684 -8597.302131 
#### End of iteration: 20 ####
t= 0.328125
U points:
-6435.787743 1419.924979 2006.253821 982.171937 488.854665 1066.966193 3599.692676 11131.211071 31796.525564 84508.876539 208742.379525 477985.440216 1012000.529694 1975979.804951 3548985.996259 5848430.888315 8820230.173144 12142092.616057 15215292.746475 17302237.352683 17789819.941584 16461593.181593 13622621.003155 9989276.184930 6396680.286380 3486219.997299 1532648.821826 465596.282155 21696.165856 -86620.345778 -67869.091186 -29596.061444 
#### End of iteration: 21 ####
t= 0.343750
U points:
-28230.101183 -656.834226 4808.775622 3164.669912 1695.925845 2812.143979 8828.667622 26686.835420 74702.623172 194834.107749 473279.030868 1068406.081491 2236003.369545 4327898.687080 7728763.471443 12703884.615046 19174215.166556 26508702.689709 33482747.445481 38526796.119443 40247718.071320 38011305.915840 32271317.857649 24431101.036784 16289196.803618 9366440.633233 4458739.502442 1585755.651033 258172.661641 -157776.954668 -175239.119024 -92635.245203 
#### End of iteration: 22 ####
t= 0.359375
U points:
-103264.816235 -16295.554809 9215.062940 9127.097880 5553.803830 7528.868664 21569.049729 63591.727805 174665.557547 447640.562212 1070605.907789 2385027.692702 4938011.389277 9480416.851051 16840185.449269 27614718.786832 41709224.816751 57892009.023938 73661052.706772 85687043.382130 90840714.072569 87426153.013734 75993438.925846 59235518.782125 40965578.138418 24701657.566302 12577050.379413 5029278.819389 1225373.937695 -182996.399417 -417379.468268 -268825.307196 
#### End of iteration: 23 ####
t= 0.375000
U points:
-338598.947209 -86025.464348 9499.735740 23470.158472 17048.620853 20382.809600 52620.122507 150754.417366 406644.807919 1025305.502242 2416895.542993 5318059.924988 10900612.484329 20770031.751830 36711353.397458 60066122.311829 90783125.234869 126468137.474811 162015243.119493 190381767.153388 204602999.329091 200380451.339794 178007699.789827 142527783.975088 101906883.177682 64118933.225799 34599760.083808 15177954.790144 4638270.715625 220279.506138 -895954.046152 -729305.708307 
#### End of iteration: 24 ####
t= 0.390625
U points:
-1025019.255100 -342762.732646 -26715.008991 52155.166985 48845.473538 55327.007182 128446.016545 355905.447485 943117.194227 2341927.157094 5446236.534296 11846044.955120 24054445.233462 45510204.206267 80067719.161484 130732548.587851 197706072.867355 276358411.514781 356283528.472455 422619834.908225 459981746.207708 457851059.077947 415012381.243268 340623402.081031 251088215.643163 164169241.680508 93224265.959535 44131990.628218 15714066.737451 2568928.647661 -1623791.610089 -1850657.463403 
#### End of iteration: 25 ####
t= 0.406250
U points:
-2904567.584950 -1188760.077139 -230716.698646 89788.722748 129734.567192 149023.342983 314059.975328 837574.325591 2180002.005709 5335937.197324 12252566.415779 26363518.828374 53064965.556859 99734166.051876 174705299.476259 284698565.397279 430786084.957637 604073451.883184 783384246.087958 937425848.149207 1032420577.861288 1043263495.021969 963525423.715179 809153240.673218 613435383.133979 415338909.094398 246791852.476500 124614823.936372 49713642.170472 12120837.981523 -1915634.857843 -4357501.270208 
#### End of iteration: 26 ####
t= 0.421875
U points:
-7747125.145816 -3764973.408564 -1060524.668043 57836.666940 314776.381961 394127.335446 769090.048922 1966698.688840 5024400.295070 12130392.257188 27524573.725446 58625412.775032 117032818.069224 218596731.624709 381360152.726681 620323502.606795 939109766.212803 1320774212.257601 1722295227.446871 2077915485.806156 2313866066.760785 2371325317.842585 2228617492.234093 1911817686.600990 1487437937.601979 1039789245.213604 643512132.259892 343579668.643022 149942617.740905 45737820.915225 1965343.297486 -9304420.837309 
#### End of iteration: 27 ####
t= 0.437500
U points:
-19434122.694235 -11125276.305381 -3970381.501648 -430034.192479 673881.937613 1012995.888025 1883535.738182 4611190.439758 11551560.136607 27521220.769403 61750391.413225 130274065.177011 258054247.934057 479190641.629060 832789276.139848 1352284581.085997 2048196096.708625 2888586509.001740 3786222582.588224 4603184878.409227 5179085201.248023 5378058910.181506 5137400992.536949 4495332665.742019 3582489346.972666 2578952192.102440 1656026474.842640 928628249.319753 436327353.921284 154748224.420555 24844092.706357 -16940483.040218 
#### End of iteration: 28 ####
t= 0.453125
U points:
-45470824.726799 -30989076.521669 -13266172.146442 -2854076.958190 1151962.895172 2502823.817544 4600359.452982 10801171.281048 26504092.654679 62328449.680180 138369550.237965 289302223.808083 568894736.526843 1050601337.405974 1819266367.445628 2949318553.092930 4469055155.639488 6319115971.910392 8323013904.402753 10192000044.350855 11578711545.662205 12172878683.502205 11806773696.356064 10524115428.928001 8576436969.066378 6343641446.953544 4212724158.121878 2467789640.444343 1234347611.979991 489553348.426516 118154007.151046 -20838849.401924 
#### End of iteration: 29 ####
t= 0.468750
U points:
-97087710.212713 -81681215.344201 -40978415.645430 -12212907.058702 907753.741985 5862759.630556 11161568.893330 25279769.198129 60711840.628285 140936865.415269 309723674.936918 642089712.887902 1253956195.006400 2303733170.939225 3975669876.916531 6435273180.970020 9755249098.165812 13827308013.628105 18295301562.431278 22555772213.191463 25858982886.911453 27502904657.119610 27059843506.639248 24541439801.733032 20420417633.655060 15488463420.701622 10607759543.775972 6463020375.517880 3412430127.264180 1478041123.816183 447092076.937693 14910277.699915 
#### End of iteration: 30 ####
t= 0.484375
U points:
-178814223.817579 -203418515.398067 -118985398.398469 -44042618.771306 -4154260.767281 12737413.081810 26769984.349105 59099364.808869 138888795.593876 318253663.371116 692610960.752309 1424344717.807996 2763584204.409857 5052314443.982226 8690991902.103588 14047305775.663391 21302461749.436802 30263948602.018147 40215195585.914154 49897254354.279175 57696843731.879562 62037670518.777023 61863832519.989212 57024963776.393028 48382064838.158859 37564409177.583138 26468866125.954491 16712083057.980200 9254007689.678370 4308966400.734731 1515606532.644671 233880605.570048 
#### End of iteration: 31 ####
t= 0.500000
U points:
-232708956.161907 -474729436.058417 -327397437.345276 -143676263.130547 -29550359.030462 24546452.844198 63098480.428843 137891916.354679 317392661.200090 717825934.801689 1547501706.160949 3158151571.242005 6089924639.858415 11081835081.560749 19004922633.978729 30675367164.488327 46535145971.463821 66254678517.182045 88397200997.894897 110340947730.140320 128624020775.800960 139729954216.090240 141112047566.667020 132075229496.307210 114120707338.814240 90557419628.942642 65510415915.485916 42731775596.764374 24687180200.027214 12220577821.210035 4804326563.666528 1136433270.170447 
#### End of iteration: 32 ####
t= 0.515625
U points:
80927535.924825 -1017402541.615733 -856071296.195570 -436517969.149920 -127177427.780047 36965458.333626 145124446.227217 320660759.067178 724611465.344290 1617486292.295086 3454965776.365073 6999558211.644527 13418623059.420036 24310567003.534428 41571322387.457054 67011284829.984711 101691342292.986240 145079812201.764980 194307543454.520810 243924721581.587160 286521272400.323000 314295878261.631290 321213770374.430360 304995654805.882510 268089131439.753110 217117804550.981410 160954024230.673190 108178696806.213810 64930823634.219696 33888434074.064911 14538874903.941893 4335504351.391241 
#### End of iteration: 33 ####
t= 0.531250
U points:
2140496354.232871 -1904172885.044249 -2123188124.624780 -1252788458.736187 -457116638.896054 17548177.600146 322667688.397118 741781244.698118 1652566089.880421 3641700639.168102 7708492771.129501 15507732025.973539 29564324800.784576 53338336439.698547 90959121130.543610 146439772122.540040 222295599104.484740 317755788366.198970 427118052786.305540 539075692316.561460 637804788191.163210 706081067127.747440 729800937045.935550 702412771207.517940 627455322352.905640 517970744797.560420 392839121423.148010 271432097486.260710 168669581052.057310 92224532542.128998 42500348167.081856 14768511044.655209 
#### End of iteration: 34 ####
t= 0.546875
U points:
10787746015.156046 -2636390412.856045 -4955847600.837668 -3419926873.980913 -1483852044.248849 -170974706.913737 684059025.185707 1702829959.499675 3763868737.138566 8193285429.948866 17188901613.469357 34346727836.318336 65132626015.721542 117042518487.418370 199075350405.800420 320121763080.889710 486087734744.764100 696101717481.463010 938894802710.461790 1191056650824.121100 1418870216488.369400 1584466817532.413300 1655251254873.527100 1613675008150.402800 1463565068003.391400 1230105538709.890600 953046965196.184330 675614430802.874760 433367007121.087040 246987877813.737300 120904906889.431920 46992934079.374649 
#### End of iteration: 35 ####
t= 0.562500
U points:
41717253271.594254 -51999839.548781 -10687728267.444071 -8900271980.767963 -4487498676.583698 -1009401590.941959 1350574774.508380 3867545856.703427 8556753586.169588 18421497361.314472 38310314798.259811 76050255696.672058 143484886945.574460 256865949402.841160 435814897301.315310 700017870231.342160 1063233869994.532000 1525251660142.736100 2063952638653.023200 2630971413082.302200 3154615420049.356400 3551939446501.950200 3748300945307.574200 3698730125690.662100 3403209695565.115200 2909203625853.238300 2299496744390.179200 1669511700083.658700 1102625506882.947000 652335075879.489500 336417459113.954280 142707241318.424650 
#### End of iteration: 36 ####
t= 0.578125
U points:
143195934609.988160 18968142437.520996 -20376749706.995316 -22040012067.164009 -12832814034.247524 -4016092522.807602 2362988126.319427 8659483358.479717 19402361253.736763 41389988641.483261 85349773347.599030 168349682704.478610 316079907013.271000 563802611097.456050 954321946260.333370 1531207565138.903800 2326307752775.948200 3342695467102.914100 4537314255558.997100 5810477001397.302700 7010052126509.747100 7954971878604.293000 8475618694342.159200 8460206313693.526400 7890812026568.201200 6854079516354.798800 5520452934357.037100 4098478257017.608400 2780934118916.952600 1702059860665.895300 918907504531.193850 418613096805.552370 
#### End of iteration: 37 ####
t= 0.593750
U points:
458143427007.664790 101025876073.649720 -29984359723.281242 -51558221629.199944 -34953280333.630173 -13657187612.333393 3160293822.614147 19027652773.724567 43836661512.254044 92922531506.608765 190077053438.121460 372595161801.198490 696268838588.530760 1237668819410.174300 2090216549686.904300 3350300315592.804700 5091245669324.487300 7327160113699.498000 9975081866150.539100 12830071519485.924000 15569944570396.537000 17800638176364.898000 19139237960397.281000 19313983579232.359000 18247719771886.879000 16091631930817.852000 13192315130769.424000 10001180850232.988000 6958509157924.780300 4393324513342.770500 2470610226508.797900 1195113906264.984400 
#### End of iteration: 38 ####
t= 0.609375
U points:
1397636734361.305400 398306030848.485840 -10571990743.775558 -112057585307.968750 -90907182748.611420 -42351869019.362572 740097229.541598 40791971588.255615 98564359594.256866 208405880068.872220 423163070109.953370 824499821251.249270 1533742777928.428700 2717302741799.750500 4579170574852.286100 7332503937041.576200 11145360772159.641000 16064058992400.434000 21930792902831.375000 28325437373672.047000 34567006481208.828000 39800285051580.461000 43165730339214.625000 44013834774196.508000 42095647434371.930000 37657004965943.047000 31392985512151.066000 24271548462490.230000 17287205998101.504000 11231245549037.057000 6552246748193.388700 3337698531225.083500 
#### End of iteration: 39 ####
t= 0.625000
U points:
4116900123439.479500 1381549333193.964800 161645667245.683040 -217740504504.008060 -225418774322.250950 -122964138328.207380 -16065374825.905365 84629471393.067963 220222552369.595550 466791149776.772580 941742019541.888790 1824251528882.213100 3378544397197.021500 5966607547844.013700 10034079415417.873000 16052191733325.031000 24404640576274.594000 35225156190063.547000 48218525789699.242000 62526212054964.297000 76711675676683.594000 88923683106872.766000 97242337394063.594000 100136104954229.450000 96891708813552.141000 87860350929084.859000 74413747608029.562000 58608070938518.984000 42667224736032.023000 28464323980664.809000 17169485448090.027000 9151777792506.580100 
#### End of iteration: 40 ####
t= 0.640625
U points:
11800738745380.584000 4451611816749.456100 932854506040.896610 -338539318727.397160 -529465643570.143800 -338357055591.450990 -83007309798.788101 167809279175.217500 488112175223.269960 1043688432002.140100 2094979886525.363300 4035784420998.043000 7442415300573.131800 13103059737028.684000 21991750308593.156000 35149957161804.016000 53450804000350.219000 77254892679953.391000 106022114817311.970000 138004241159249.920000 170176934063844.810000 198542623506421.660000 218831750646846.810000 227472320334714.280000 222550425269916.310000 204426767179233.620000 175756517157070.940000 140865715914018.940000 104681014447144.810000 71576692120612.312000 44514018228900.578000 24703689232711.125000 
#### End of iteration: 41 ####
t= 0.656250
U points:
33088139828080.809000 13656318125095.805000 3773644359891.621100 -213955362111.765010 -1160509187215.861300 -886851203216.284550 -304621680036.288210 311248072505.433230 1071123009861.792400 2328193761591.402300 4658098647661.043900 8927360298186.293000 16394954422550.820000 28778883042700.047000 48209247842646.703000 76987288180986.625000 117094161338344.110000 169461870678500.190000 233132554198014.090000 304560599197315.060000 377391910350723.620000 443013803501173.310000 491968554698134.120000 516000614823919.810000 510184776031549.560000 474424600749734.810000 413735888948287.370000 337129315721885.500000 255422546807874.780000 178710284101991.810000 114313735538553.530000 65784631464663.695000 
#### End of iteration: 42 ####
t= 0.671875
U points:
91088396329806.250000 40421118123891.531000 13264197982012.809000 1314934123251.480500 -2294699545575.772500 -2214108878088.980000 -966634546597.084110 516562444624.480650 2321878254080.717800 5178304312091.262700 10350308965247.170000 19745391194253.578000 36117870768620.594000 63216640020645.570000 105702759405090.780000 168660233112500.370000 256573217344070.190000 371782161344898.620000 512665503652508.440000 672065324115932.370000 836660074328653.620000 987934298640392.000000 1105011557443961.700000 1168957752787452.500000 1167461977499026.500000 1098398788302729.100000 970941186296071.370000 803656143312825.250000 620094175662240.000000 443305689073230.750000 291054011543048.870000 173106549351636.310000 
#### End of iteration: 43 ####
t= 0.687500
U points:
246870696679034.870000 116380005374215.920000 43112081763828.883000 8500508081496.158200 -3730978226024.097700 -5237331624190.345700 -2805502047724.828100 677729510150.588500 4958850519621.840800 11475131668121.434000 22978700359126.391000 43665971676003.109000 79570354866986.234000 138881823975910.030000 231806256232869.530000 369574383430960.000000 562313689667241.620000 815780581599418.370000 1127432647998721.200000 1482896000535368.500000 1854303719066768.000000 2201934960111906.000000 2479856068603702.500000 2644926871477246.000000 2667029620164404.000000 2537393814046126.000000 2272035813985644.000000 1908761796320958.200000 1498413584022448.500000 1093120552093807.000000 735313470223930.750000 450726275603082.370000 
#### End of iteration: 44 ####
t= 0.703125
U points:
660091092140986.870000 327707194949440.870000 133125676476794.580000 35510774779276.664000 -3147253953322.319300 -11580241918942.373000 -7611201334017.549800 305921778953.059330 10402075650331.145000 25315101572464.578000 50958191213903.891000 96545583856628.656000 175305923273276.620000 305151804826328.190000 508445701109092.190000 809996029152321.500000 1232632686981349.000000 1790293602070282.500000 2479550372616432.500000 3271717421207215.000000 4108637986814723.000000 4905273599826113.000000 5560855623985461.000000 5977652898927684.000000 6083195054010902.000000 5849461456673335.000000 5302439762121579.000000 4518079532321158.000000 3605222509449567.500000 2680717557065450.500000 1844575948931543.000000 1162531912400893.700000 
#### End of iteration: 45 ####
t= 0.718750
U points:
1744159368073705.500000 905894773287170.250000 396194129476547.620000 126817364403413.030000 10266352425639.750000 -23205561593153.559000 -19449452856715.016000 -2230196649310.490200 21351915710133.777000 55549787680980.906000 112846158343079.920000 213402651779589.690000 386236603624822.500000 670567405306763.120000 1115430610118880.200000 1775629993348876.200000 2702545827359948.500000 3929516846510748.000000 5453576863036162.000000 7217898541281827.000000 9101416876159666.000000 10922437733195314.000000 12460498386120044.000000 13495306552262064.000000 13854766975678436.000000 13458713950432934.000000 12343908726907256.000000 10660533468895304.000000 8639609282498366.000000 6540878267603082.000000 4597347781671090.000000 2972994826601462.500000 
#### End of iteration: 46 ####
t= 0.734375
U points:
4560351205640427.000000 2465276599371563.000000 1146270337206980.200000 416349479723891.500000 76954712516639.125000 -38797411811053.469000 -46742730100262.969000 -11612123072712.590000 42691276861518.930000 121139708791550.950000 249456005844722.160000 471519872495715.620000 850967371633586.620000 1473748608949340.000000 2447468700448153.500000 3893207829116534.500000 5926437806076763.000000 8626131417425048.000000 11995445150774438.000000 15922793590389496.000000 20156838261056244.000000 24310141466473152.000000 27901598326623604.000000 30436869293946736.000000 31511661696798576.000000 30910450281389528.000000 28669310547237636.000000 25079552149339432.000000 20627176884699468.000000 15884988545692766.000000 11390272879172278.000000 7544399124269792.000000 
#### End of iteration: 47 ####
t= 0.750000
U points:
11811893160541702.000000 6618728469876639.000000 3242293046634517.500000 1295157005891563.000000 333239655199215.870000 -37312986712156.406000 -104411019301218.670000 -39918185022564.359000 82668627601183.109000 262315072830977.970000 550266696150734.190000 1041300746870302.900000 1874826520038872.200000 3239336114799468.000000 5371138618812696.000000 8537789974019912.000000 12998487284437596.000000 18938829294334500.000000 26386263466259044.000000 35124044848123904.000000 44631916434568616.000000 54085366034575872.000000 62437012460147680.000000 68581982657614528.000000 71578999540934696.000000 70871408069201168.000000 66440741805968720.000000 58838408534197752.000000 49077171351315648.000000 38410532506625416.000000 28065897502536776.000000 19010436994619200.000000 
#### End of iteration: 48 ####
t= 0.765625
U points:
30335487452502252.000000 17560270212443344.000000 9001443185339574.000000 3877617232007179.000000 1210538047159273.500000 82960118957431.000000 -210124633920184.720000 -115316416718436.110000 153941354305201.220000 563589216316121.750000 1210756799017061.000000 2298057518997623.500000 4130269729263977.500000 7120912252615865.000000 11789299392200452.000000 18726798453220788.000000 28514625362792888.000000 41586135217104368.000000 58045172978565048.000000 77476410636456800.000000 98806426100127328.000000 120284094400736480.000000 139634401981739570.000000 154396828157617760.000000 162396546897318720.000000 162235743717492000.000000 153661122101858530.000000 137682744536699470.000000 116389412188730540.000000 92503541996948112.000000 68805175330434136.000000 47594107016539496.000000 
#### End of iteration: 49 ####
t= 0.781250
U points:
77309538233194608.000000 46102060548834128.000000 24598828430476612.000000 11277098175268042.000000 4016540300976765.500000 708718854577573.000000 -348959497674852.870000 -295619162533191.250000 273389878618283.560000 1200767544377708.000000 2656328094832569.500000 5067313415771328.000000 9097862484719722.000000 15655084885190148.000000 25880902456653904.000000 41082734905719088.000000 62562752958868336.000000 91327316828315328.000000 127697105459550540.000000 170890074819250340.000000 218699412889462660.000000 267413662816358660.000000 312101984851472510.000000 347302924387824900.000000 368024453864805250.000000 370829180768391810.000000 354699492882635520.000000 321400213652920320.000000 275190122512116800.000000 221937280876065500.000000 167888390447809090.000000 118449332932186860.000000 
#### End of iteration: 50 ####
t= 0.796875
U points:
195640167492695230.000000 119900782370221600.000000 66313987294561312.000000 32048725747285448.000000 12590631467723912.000000 3156115754853689.000000 -313147212172409.120000 -675166601374376.750000 459727830842221.560000 2536435612084435.500000 5809002195265019.000000 11162057532849204.000000 20036064992616012.000000 34419607308998560.000000 56824720280526064.000000 90142683721483472.000000 137288789538139490.000000 200589398362430980.000000 280945912714253570.000000 376919827548429820.000000 483992395507038980.000000 594313923340970880.000000 697219683358303100.000000 780623944619516160.000000 833133662642601730.000000 846431754671527940.000000 817286859912267650.000000 748558230437097980.000000 648814976121974140.000000 530608398170019010.000000 407869397052612610.000000 293176112592853760.000000 
#### End of iteration: 51 ####
t= 0.812500
U points:
491902703201814980.000000 309198147274323780.000000 176654041108250210.000000 89369875705273664.000000 37928234365717488.000000 11620134542961446.000000 892509441537746.000000 -1319260339481626.700000 735311905998390.750000 5314315125880876.000000 12659157004258682.000000 24557017832494760.000000 44112376668893320.000000 75678869924718688.000000 124783576932074720.000000 197821938308969280.000000 301316697847037060.000000 440624788860403970.000000 618146002625003900.000000 831319792371386880.000000 1070935245828118800.000000 1320426787087410700.000000 1556774875046148900.000000 1753309761269694700.000000 1884160810620492300.000000 1929463228642688500.000000 1879975685419003400.000000 1739711699680593400.000000 1525645821781242400.000000 1264410930755536600.000000 986851354642442370.000000 721966377395177980.000000 
#### End of iteration: 52 ####
t= 0.828125
U points:
1229470986049652200.000000 791232455475721980.000000 465652455334519810.000000 245263021353618180.000000 110889824231359970.000000 38890320857154488.000000 7049283782478810.000000 -1858783900140803.500000 1180843041504196.000000 11060892342131690.000000 27487652583632000.000000 53949854752930040.000000 97082627226415552.000000 166397183783645950.000000 274052878339420990.000000 434198736794695230.000000 661421280362536960.000000 968015188038126590.000000 1360147568285851400.000000 1833480309792738600.000000 2369335037852823000.000000 2932833037072468000.000000 3474385923209292300.000000 3935294927546151400.000000 4257078480097431600.000000 4392792534171663400.000000 4317541577101922800.000000 4035115888532040700.000000 3578502223910623200.000000 3003739691022136300.000000 2378643964129793000.000000 1769517347904175600.000000 
#### End of iteration: 53 ####
t= 0.843750
U points:
3056121617231481300.000000 2010547088261234900.000000 1215917992236318500.000000 663907475531743360.000000 316645539383328060.000000 122706937550512510.000000 31048473140648376.000000 202444506365747.620000 2270887491467048.500000 22944391447630412.000000 59475193976251968.000000 118335968590546590.000000 213555298708280860.000000 365848294070885250.000000 601951191044509060.000000 953168638721924480.000000 1452104741631632400.000000 2126896752269731300.000000 2993005597271389700.000000 4043665281306800600.000000 5241224837852060700.000000 6512425823924711400.000000 7750655065279962100.000000 8827036358640387100.000000 9609903640860944400.000000 9989302525659209700.000000 9900724736026978300.000000 9341406999054319600.000000 8373900678410767400.000000 7115055428372021200.000000 5712948992580724700.000000 4318004075218725400.000000 
#### End of iteration: 54 ####
t= 0.859375
U points:
7558047863687454700.000000 5075968971843316700.000000 3148136273437272600.000000 1775719419303495700.000000 886904671107893760.000000 371650491929884670.000000 114083460710581660.000000 15576050919289700.000000 6380816733509884.000000 47718825686110560.000000 128282567107598140.000000 259121109382676100.000000 469483598653016700.000000 804299631619403780.000000 1322299097285965800.000000 2092736135753511900.000000 3188456364705902600.000000 4673695229980333100.000000 6586511709687396400.000000 8917982963668355100.000000 11592744565300666000.000000 14457324814887690000.000000 17282956540532630000.000000 19787341272522924000.000000 21675129166362628000.000000 22690723915403248000.000000 22671500101060657000.000000 21587026044168929000.000000 19552056454054560000.000000 16807821619236753000.000000 13675433750759344000.000000 10493700504881156000.000000 
#### End of iteration: 55 ####
t= 0.875000
U points:
18603303904796709000.000000 12739079693741625000.000000 8088158114874566700.000000 4699326252215590900.000000 2444249651436201500.000000 1091785917679150200.000000 382115371514679550.000000 83368313891387360.000000 23614803440336512.000000 100457957461900380.000000 276051900427918910.000000 566404478816327810.000000 1031399259558922400.000000 1767957698891053800.000000 2904888184841410600.000000 4595349465196237800.000000 7002023948075024400.000000 10271240428884406000.000000 14495384453710453000.000000 19667633253157229000.000000 25638387571284865000.000000 32087029885380051000.000000 38523639370219291000.000000 44331216277675500000.000000 48849452929277526000.000000 51488073305164243000.000000 51845411891301646000.000000 49801312381920535000.000000 45556444633342493000.000000 39603251813987148000.000000 32633227414284001000.000000 25404266278323646000.000000 
#### End of iteration: 56 ####
t= 0.890625
U points:
45588034800488727000.000000 31795461641875587000.000000 20633992833689035000.000000 12319197552768358000.000000 6643301871456141300.000000 3131288207795309600.000000 1208018044743810300.000000 334506110097879040.000000 92393357749785040.000000 216978530334794300.000000 593505890477756800.000000 1235981330085700600.000000 2264070413486740000.000000 3885406986358588400.000000 6381876721971256300.000000 10091993553949381000.000000 15378887165953995000.000000 22575257129096700000.000000 31902903816290931000.000000 43374351862897361000.000000 56695636643400188000.000000 71198981404442092000.000000 85837262435572105000.000000 99264798712012505000.000000 110009888857272810000.000000 116717121355703090000.000000 118410105288229490000.000000 114708677430502850000.000000 105937679232796150000.000000 93089397086975787000.000000 77642227311576728000.000000 61280385790259610000.000000 
#### End of iteration: 57 ####
t= 0.906250
U points:
111254418438860960000.000000 78953591388712763000.000000 52300474492215886000.000000 32020041329614717000.000000 17838917584454363000.000000 8806861584508487700.000000 3668095375302485500.000000 1183676859226810100.000000 347826327462813310.000000 488471523939168000.000000 1277724710200737300.000000 2693055903057396200.000000 4965697397101672400.000000 8536591501386718200.000000 14020803840204485000.000000 22165821237935538000.000000 33781720795758817000.000000 49623632695699882000.000000 70219340758962881000.000000 95655650076853993000.000000 125362116565819420000.000000 157952510516688450000.000000 191193294078028350000.000000 222155515470307820000.000000 247568359336800350000.000000 264335182669327830000.000000 270112650861127070000.000000 263813166842600980000.000000 245890144877876050000.000000 218312359443855510000.000000 184216817208025840000.000000 147322273604486140000.000000 
#### End of iteration: 58 ####
t= 0.921875
U points:
270459788813196330000.000000 195124373980830300000.000000 131775843063636510000.000000 82584129475769106000.000000 47393078564878680000.000000 24367517591168131000.000000 10806398083673737000.000000 3893650754102931500.000000 1238742649547244500.000000 1161816604689733100.000000 2763278080774268400.000000 5861379006943553500.000000 10881387092590463000.000000 18749481102399484000.000000 30802619351149912000.000000 48689152803018326000.000000 74214901509439160000.000000 109091040217004280000.000000 154564286567646560000.000000 210953232211565940000.000000 277168441576305030000.000000 350342789096335740000.000000 425721964124776170000.000000 496943573953527740000.000000 556757590261949660000.000000 598121116395847550000.000000 615468932978801900000.000000 605865132195369980000.000000 569724946377734230000.000000 510880741857368340000.000000 435935554595110060000.000000 353048626445268940000.000000 
#### End of iteration: 59 ####
t= 0.937500
U points:
655104078939085080000.000000 480088713861844700000.000000 330191976562551420000.000000 211494287990716100000.000000 124716129951020580000.000000 66484553450290135000.000000 31087329452090896000.000000 12196752898342744000.000000 4192988936909157900.000000 2935461043294656000.000000 6029264875414519800.000000 12751484168866243000.000000 23823837552912044000.000000 41164892060807807000.000000 67666889915538874000.000000 106958224503444090000.000000 163060748917648720000.000000 239846173882147600000.000000 340241429247211600000.000000 465222557156581570000.000000 612752157364729680000.000000 776924415018923720000.000000 947641034489310740000.000000 1111108165713523900000.000000 1251295477657201500000.000000 1352249786417664200000.000000 1400870159785111300000.000000 1389526884053725700000.000000 1317841357678389000000.000000 1193092781262960600000.000000 1029058692670607100000.000000 843528420512598590000.000000 
#### End of iteration: 60 ####
t= 0.953125
U points:
1581372356633597800000.000000 1176320749728986300000.000000 823130139906539000000.000000 538120945313876150000.000000 325389926170005730000.000000 179200968444604450000.000000 87709620819010945000.000000 36866635452256186000.000000 13600851415766798000.000000 7835344394660053000.000000 13343686227075832000.000000 27756004849245274000.000000 52120012134043107000.000000 90339822369256030000.000000 148635208384380830000.000000 234974515136406650000.000000 358304823183515450000.000000 527373124151319990000.000000 749015071453463050000.000000 1025971666843112200000.000000 1354540981123994100000.000000 1722614084612743500000.000000 2108790027344676400000.000000 2483220504243210300000.000000 2810544447695006200000.000000 3054758509052230100000.000000 3185253193431665100000.000000 3182727647157604600000.000000 3043493320706595700000.000000 2780924116308819200000.000000 2423489771495697700000.000000 2009728800066703500000.000000 
#### End of iteration: 61 ####
t= 0.968750
U points:
3805049621056426900000.000000 2871022276318702600000.000000 2042179939667714000000.000000 1361004818585889800000.000000 842374976770528250000.000000 477854153783133670000.000000 243463691376629380000.000000 108404736114665290000.000000 42594267852039422000.000000 21795131372934238000.000000 30131744958168805000.000000 60532967685079679000.000000 113958620662631420000.000000 198169171127098640000.000000 326443109305515050000.000000 516228626902498150000.000000 787401274155394920000.000000 1159692185652643500000.000000 1648993059423780300000.000000 2262616213588720200000.000000 2994112576318205900000.000000 3818785356208644000000.000000 4691387506763477000000.000000 5547453241663892200000.000000 6309153832274548000000.000000 6895509662633533900000.000000 7235467466086295800000.000000 7281176496118212600000.000000 7018234611976860900000.000000 6470051843970120500000.000000 5694813263485128900000.000000 4775462680407574600000.000000 
#### End of iteration: 62 ####
t= 0.984375
U points:
9127837157068427500000.000000 6981616408046642100000.000000 5044051830672166200000.000000 3423186300070901800000.000000 2165314681531367700000.000000 1262093144279579100000.000000 666439751614940710000.000000 311765786885597170000.000000 129565107083516990000.000000 62184670549902737000.000000 69811873110799229000.000000 132516682414115540000.000000 249103203366377550000.000000 434510298690201060000.000000 716833876344542590000.000000 1134142446382312300000.000000 1730511595806140400000.000000 2550379165386665400000.000000 3630541988242366900000.000000 4989857492112277200000.000000 6617821591078753500000.000000 8464370039985939700000.000000 10434079303960420000000.000000 12387981450804690000000.000000 14155142057597501000000.000000 15553983359209473000000.000000 16420508121556358000000.000000 16637934028052069000000.000000 16160781878761804000000.000000 15026940186145763000000.000000 13353810526792522000000.000000 11318693085571868000000.000000 
#### End of iteration: 63 ####
t= 1.000000
U points:
21833811755863680000000.000000 16919096795489018000000.000000 12406467991185975000000.000000 8565701321779014800000.000000 5529731193929869600000.000000 3304799232798964100000.000000 1802233726438197400000.000000 880279221687443520000.000000 384607219402123900000.000000 179523023521228690000.000000 166623272450361160000.000000 291884003958813430000.000000 544639825544738770000.000000 952337255288154100000.000000 1573774555925262400000.000000 2491646540829204400000.000000 3803487064631213000000.000000 5609206780501443000000.000000 7993698409443599800000.000000 11004436104879513000000.000000 14626319406624540000000.000000 18758582477158236000000.000000 23200523689511516000000.000000 27653144016860027000000.000000 31741789696431965000000.000000 35060481990321404000000.000000 37232605952429255000000.000000 37976725048854808000000.000000 37162619529062580000000.000000 34842978136412654000000.000000 31251078094106992000000.000000 26763189432641928000000.000000 
#### End of iteration: 64 ####
t= 1.015625
U points:
52084977034524057000000.000000 40868192396789263000000.000000 30395639350723913000000.000000 21330873030576225000000.000000 14037007438964511000000.000000 8586282611571484000000.000000 4821757888487599600000.000000 2447005740880132800000.000000 1118237915373820400000.000000 519342107270459160000.000000 410240435889206460000.000000 648669156361812970000.000000 1191872400851287900000.000000 2086653654119456700000.000000 3454394759036212900000.000000 5473786120771781800000.000000 8360108911889539400000.000000 12337575757391482000000.000000 17601383759980932000000.000000 24268917379998541000000.000000 32324370880750904000000.000000 41566645426196645000000.000000 51574837838452198000000.000000 61706877655769978000000.000000 71143223512434257000000.000000 78978595999088713000000.000000 84352001052170787000000.000000 86592217500930403000000.000000 85347002627026282000000.000000 80663512769387641000000.000000 72996545637074585000000.000000 63138454136526024000000.000000 
#### End of iteration: 65 ####
t= 1.031250
U points:
123930642468683320000000.000000 98414497231166442000000.000000 74194244825506107000000.000000 52881486916584726000000.000000 35434434598835988000000.000000 22149695087296010000000.000000 12777502292715378000000.000000 6711106831820158700000.000000 3193716599801595300000.000000 1496333440659623000000.000000 1040156490471692800000.000000 1458985937235564300000.000000 2612949924864421500000.000000 4571408029461880200000.000000 7580645496928075800000.000000 12024355545199430000000.000000 18376279547636181000000.000000 27138541224791684000000.000000 38758547675382324000000.000000 53522499706590899000000.000000 71433502748473108000000.000000 92094330182269133000000.000000 114625076843299660000000.000000 137649691545296680000000.000000 159378908270157450000000.000000 177799125447496320000000.000000 190949974532868850000000.000000 197244539290543220000000.000000 195764961442529980000000.000000 186461464957841410000000.000000 170199247443811110000000.000000 148632729827711890000000.000000 
#### End of iteration: 66 ####
t= 1.046875
U points:
294161452476655740000000.000000 236303557850427370000000.000000 180475155981709450000000.000000 130548091231368400000000.000000 88987182468297604000000.000000 56765841583009834000000.000000 33569654133847757000000.000000 18189483318759414000000.000000 8980666246820162200000.000000 4278952793565515700000.000000 2704293654877742600000.000000 3331520174184439200000.000000 5745317950187715400000.000000 10016059451910551000000.000000 16632363558264375000000.000000 26411924026742165000000.000000 40393526277182503000000.000000 59699081962278670000000.000000 85350963336211272000000.000000 118039131878288740000000.000000 157852804957783100000000.000000 204017267115507710000000.000000 254699465593102210000000.000000 306956336861504120000000.000000 356888825297585380000000.000000 400028672233875300000000.000000 431928825007590460000000.000000 448865379990003140000000.000000 448509301945555250000000.000000 430409644629492910000000.000000 396158356354465610000000.000000 349177210139218160000000.000000 
#### End of iteration: 67 ####
t= 1.062500
U points:
696605789520704890000000.000000 565829494240920340000000.000000 437559961089961520000000.000000 321011153624702680000000.000000 222398615998523910000000.000000 144605173897335580000000.000000 87509437164805377000000.000000 48785750168929978000000.000000 24910576708216726000000.000000 12123404177907024000000.000000 7168104211679588400000.000000 7744222021980357900000.000000 12688040188815801000000.000000 21955451952236631000000.000000 36486869754629027000000.000000 58009191272347351000000.000000 88790679660568133000000.000000 131331567964288080000000.000000 187961088529628800000000.000000 260327076105286960000000.000000 348804959188379230000000.000000 451907998456389720000000.000000 565832250366412820000000.000000 684296490295053730000000.000000 798819932181507760000000.000000 899509527150249860000000.000000 976311235081767470000000.000000 1020542808843842200000000.000000 1026410951848944000000000.000000 992166927456333400000000.000000 920600599096777460000000.000000 818712852963518770000000.000000 
#### End of iteration: 68 ####
t= 1.078125
U points:
1646009579500907700000000.000000 1351346379984435300000000.000000 1057568355817469900000000.000000 786417625248048290000000.000000 553318492503454530000000.000000 366312079766681660000000.000000 226498048600860640000000.000000 129624128572480710000000.000000 68263507423484969000000.000000 34008806261925396000000.000000 19254666216288962000000.000000 18360096694259461000000.000000 28190117256204527000000.000000 48171475670469584000000.000000 80037116119828893000000.000000 127394397014555060000000.000000 195172110676547200000000.000000 288925899192275060000000.000000 413946414869396730000000.000000 574137982995325170000000.000000 770715912799468490000000.000000 1000886795219569400000000.000000 1256790814188249200000000.000000 1525051955972257200000000.000000 1787257785176825600000000.000000 2021551113005298000000000.000000 2205271984989690800000000.000000 2318292387928062700000000.000000 2346424268770285400000000.000000 2284149225006523600000000.000000 2135984373305395200000000.000000 1916073199682191800000000.000000 
#### End of iteration: 69 ####
t= 1.093750
U points:
3881216956586272300000000.000000 3219368835651771900000000.000000 2548600121896635000000000.000000 1919825901226028500000000.000000 1370815514962987700000000.000000 923123636728707960000000.000000 582409575917212810000000.000000 341501758228319160000000.000000 185044507298101700000000.000000 94450694846488349000000.000000 52131141367375916000000.000000 44425336350158281000000.000000 63129131917434587000000.000000 105852994310624670000000.000000 175580314548767040000000.000000 279746206963194680000000.000000 428999860497509120000000.000000 635645612889119830000000.000000 911663830973242360000000.000000 1266241387099864700000000.000000 1702897458215762000000000.000000 2216533447563082800000000.000000 2790988487684975400000000.000000 3397844451355532400000000.000000 3997200153353561000000000.000000 4540864270192771700000000.000000 4977912291197078800000000.000000 5261915672410996400000000.000000 5358559357889301900000000.000000 5252023448538361500000000.000000 4948577177135644200000000.000000 4476362227086838300000000.000000 
#### End of iteration: 70 ####
t= 1.109375
U points:
9133495256744730100000000.000000 7651575641343343600000000.000000 6124681629449694900000000.000000 4671218345297313100000000.000000 3382627154328163200000000.000000 2315055165085918800000000.000000 1488560586570083400000000.000000 892784375178815350000000.000000 496719188513327890000000.000000 259764268468313060000000.000000 141638051644162430000000.000000 109636591829133570000000.000000 142771001832980980000000.000000 233137407655687900000000.000000 385275721727807340000000.000000 614255778922989490000000.000000 942934085730022880000000.000000 1398460590799512900000000.000000 2007877739401012500000000.000000 2792669089246590800000000.000000 3762410332649024000000000.000000 4908179073475607900000000.000000 6196931610532540100000000.000000 7568441295571510500000000.000000 8936399254250760000000000.000000 10194761635915673000000000.000000 11229390697432565000000000.000000 11933672269953110000000000.000000 12225464560942303000000000.000000 12061887052247252000000000.000000 11448464798233446000000000.000000 10440143088991852000000000.000000 
#### End of iteration: 71 ####
t= 1.125000
U points:
21452605742035913000000000.000000 18144983609396751000000000.000000 14679632654522519000000000.000000 11330147742252670000000000.000000 8315741984076219200000000.000000 5779513548282485400000000.000000 3783299347203780500000000.000000 2317557503671355100000000.000000 1321559419279130500000000.000000 707787022994466840000000.000000 384900715376114010000000.000000 275440014754585210000000.000000 326694870164694360000000.000000 515129233074617580000000.000000 845843507109237370000000.000000 1348731499573033000000000.000000 2072470573170351500000000.000000 3076717301797495200000000.000000 4422308582414045100000000.000000 6159201866969879300000000.000000 8312432262470723200000000.000000 10867395885574831000000000.000000 13756964111308409000000000.000000 16853835719897770000000000.000000 19971668830422103000000000.000000 22877563147959868000000000.000000 25316342877737104000000000.000000 27044180982677879000000000.000000 27866150065786164000000000.000000 27670233998324767000000000.000000 26450031951734083000000000.000000 24310228417608115000000000.000000 
#### End of iteration: 72 ####
t= 1.140625
U points:
50296169088301528000000000.000000 42937227760661559000000000.000000 35095673381675182000000000.000000 27399923487523797000000000.000000 20370949769902154000000000.000000 14367185535991251000000000.000000 9565567462785289200000000.000000 5977088317104316800000000.000000 3487713288973705700000000.000000 1911597317295798100000000.000000 1043725619657374300000000.000000 702491413298676390000000.000000 757587641753895230000000.000000 1143098570593012800000000.000000 1858558604930220000000000.000000 2961587525315849400000000.000000 4554906965017764700000000.000000 6768980228476540800000000.000000 9740185245456343100000000.000000 13584085363682624000000000.000000 18364326243076850000000000.000000 24059775382891081000000000.000000 30535086717814455000000000.000000 37521948654615928000000000.000000 44618814929350859000000000.000000 51315130097795731000000000.000000 57041752469137005000000000.000000 61243102296530184000000000.000000 63460027264864254000000000.000000 63407500297536039000000000.000000 61029945689785129000000000.000000 56520268133169633000000000.000000 
#### End of iteration: 73 ####
t= 1.156250
U points:
117716426531216800000000000.000000 101397269532638970000000000.000000 83705034620059972000000000.000000 66075028704617912000000000.000000 49735770277130723000000000.000000 35572377167685900000000000.000000 24067857495877241000000000.000000 15322775448930839000000000.000000 9136178487282311300000000.000000 5120260651451956100000000.000000 2819742706847835300000000.000000 1813028292253350400000000.000000 1782376374119817700000000.000000 2550591661704263700000000.000000 4088975941240279800000000.000000 6504175915993301700000000.000000 10010603186985291000000000.000000 14892039966324256000000000.000000 21453042833838636000000000.000000 29959611723968077000000000.000000 40570207015340433000000000.000000 53262367701962922000000000.000000 67765642254566813000000000.000000 83516255819962963000000000.000000 99650614111154338000000000.000000 115051546655569520000000000.000000 128452492366761910000000000.000000 138591785488922850000000000.000000 144394833112673640000000000.000000 145150555758565610000000000.000000 140644220876710660000000000.000000 131214347701254100000000000.000000 
#### End of iteration: 74 ####
t= 1.171875
U points:
275055201458120160000000000.000000 238986689642605870000000000.000000 199185842338483440000000000.000000 158913430824803650000000000.000000 121046096061256520000000000.000000 87743514849513466000000000.000000 60281727291577472000000000.000000 39062613391454498000000000.000000 23769050734388264000000000.000000 13608716292543300000000000.000000 7582019065654836300000000.000000 4719698821934547900000000.000000 4256466150095858800000000.000000 5729990833192925200000000.000000 9012223833837728800000000.000000 14288660015328037000000000.000000 22000956579824584000000000.000000 32762633373575093000000000.000000 47251033738710107000000000.000000 66075492445955347000000000.000000 89624144190955080000000000.000000 117900006543535730000000000.000000 150368474851310170000000000.000000 185848932305872800000000000.000000 222487822092347810000000000.000000 257845029822792900000000000.000000 289107987431011900000000000.000000 313420478151221820000000000.000000 328281716658333210000000000.000000 331944872567562240000000000.000000 323732145374735770000000000.000000 304192147968750840000000000.000000 
#### End of iteration: 75 ####
t= 1.187500
U points:
641674243932017130000000000.000000 562230214617818200000000000.000000 472955449973036120000000000.000000 381220026836285300000000000.000000 293716337749490090000000000.000000 215659936515790140000000000.000000 150340801982956730000000000.000000 99066584913192139000000000.000000 61447630295865080000000000.000000 35907799916676428000000000.000000 20279570468868712000000000.000000 12356177046275022000000000.000000 10315119840376528000000000.000000 12977697074149542000000000.000000 19911361636209132000000000.000000 31405466937909367000000000.000000 48354995720072838000000000.000000 72077108176548797000000000.000000 104071537855848840000000000.000000 145727525506484600000000000.000000 197983241968943770000000000.000000 260959495745759610000000000.000000 333613526047438930000000000.000000 413482105520947740000000000.000000 496595234081640790000000000.000000 577632796249332740000000000.000000 650361885679440380000000000.000000 708335083702046430000000000.000000 745761684114470980000000000.000000 758403439406801800000000000.000000 744314354059078290000000000.000000 704255517239736670000000000.000000 
#### End of iteration: 76 ####
t= 1.203125
U points:
1494688815669854400000000000.000000 1320332025102415700000000000.000000 1120675533085225000000000000.000000 912295121717883120000000000.000000 710667425253230620000000000.000000 528274743468176450000000000.000000 373439861024626280000000000.000000 250024737569505750000000000.000000 157921413073799570000000000.000000 94104498613193704000000000.000000 53938924228358050000000000.000000 32450044095462962000000000.000000 25343378473349402000000000.000000 29669829806679860000000000.000000 44130563012991212000000000.000000 69078009765337441000000000.000000 106288429057405440000000000.000000 158566961666089220000000000.000000 229218102708973630000000000.000000 321394299358801620000000000.000000 437338098471794690000000000.000000 577563262542161500000000000.000000 740069848852350940000000000.000000 919739617243952510000000000.000000 1108088126515461800000000000.000000 1293536843180117500000000000.000000 1462300277062413700000000000.000000 1599863547694420600000000000.000000 1692878002974650700000000000.000000 1731165525110712600000000000.000000 1709440579514608200000000000.000000 1628368312044182700000000000.000000 
#### End of iteration: 77 ####
t= 1.218750
U points:
3476611539645758500000000000.000000 3095380179554449400000000000.000000 2650194269307056200000000000.000000 2178154320070765900000000000.000000 1714851336487205600000000000.000000 1289920536509676100000000000.000000 924095315115032770000000000.000000 628146836534437460000000000.000000 403639906566751540000000000.000000 245058902665311120000000000.000000 142649872046553100000000000.000000 85313571109808939000000000.000000 63032413179737219000000000.000000 68543983632964166000000000.000000 98199083645541561000000000.000000 152099497047690660000000000.000000 233674939222584680000000000.000000 348843833793979550000000000.000000 504848414411561090000000000.000000 708808011531613530000000000.000000 966031670057389200000000000.000000 1278186659392260100000000000.000000 1641520711009098300000000000.000000 2045447314109602800000000000.000000 2471875728601932200000000000.000000 2895652084027368300000000000.000000 3286344711504868800000000000.000000 3611358892693537800000000000.000000 3840047927283476900000000000.000000 3948179281468828200000000000.000000 3921913084005125600000000000.000000 3760437017947380000000000000.000000 
#### End of iteration: 78 ####
t= 1.234375
U points:
8075268100840585600000000000.000000 7244994916594606800000000000.000000 6255347909466970000000000000.000000 5188973440961123200000000000.000000 4127287630258265100000000000.000000 3140144001576630400000000000.000000 2278536720401602600000000000.000000 1571379886329342200000000000.000000 1026408796579869100000000000.000000 634370279760034080000000000.000000 375126838486906770000000000.000000 224183043812909060000000000.000000 158399846192832480000000000.000000 160138502799361750000000000.000000 219582925843235170000000000.000000 335375022418058790000000000.000000 513888213296747990000000000.000000 767472478971690400000000000.000000 1111906450098613400000000000.000000 1563189246044493900000000000.000000 2133782561693020700000000000.000000 2828512912511154900000000000.000000 3640548445397442500000000000.000000 4548104265872805000000000000.000000 5512700469114050600000000000.000000 6479790450208517500000000000.000000 7382320290031913200000000000.000000 8147268534750086600000000000.000000 8704533300047792600000000000.000000 8996845375601169300000000000.000000 8988899338296481000000000000.000000 8673795477834345900000000000.000000 
#### End of iteration: 79 ####
t= 1.250000
U points:
18731728898314324000000000000.000000 16931092583586187000000000000.000000 14737935282995961000000000000.000000 12335497263816340000000000000.000000 9909088323942019100000000000.000000 7622282725201036000000000000.000000 5599144309309814500000000000.000000 3915174594681116200000000000.000000 2597526060760076100000000000.000000 1633002947314628600000000000.000000 981003887072685530000000000.000000 588103552405881510000000000.000000 401372382170469640000000000.000000 378496953812005520000000000.000000 493885642601750120000000000.000000 740868497427314390000000000.000000 1130625162603386100000000000.000000 1688587719959959200000000000.000000 2448906966127963300000000000.000000 3447354282369771100000000000.000000 4712953949868153000000000000.000000 6258812634444468300000000000.000000 8073020664000340700000000000.000000 10111009233604935000000000000.000000 12291140487346262000000000000.000000 14495346776703840000000000000.000000 16576147222050772000000000000.000000 18370320128619565000000000000.000000 19718053222772991000000000000.000000 20484866146755558000000000000.000000 20582444513618398000000000000.000000 19984160934852758000000000000.000000 
#### End of iteration: 80 ####
t= 1.265625
U points:
43395258592351600000000000000.000000 39507775459123134000000000000.000000 34663036514749181000000000000.000000 29265401534976069000000000000.000000 23734622654440297000000000000.000000 18451428542941681000000000000.000000 13714819001600135000000000000.000000 9717830703471283000000000000.000000 6543937348551870300000000000.000000 4181664876461426600000000000.000000 2551641781323539000000000000.000000 1538861348211586300000000000.000000 1023433400836478800000000000.000000 904998523751129820000000000.000000 1118418472884728000000000000.000000 1640526224143956500000000000.000000 2489095509954155100000000000.000000 3715655838546756100000000000.000000 5393575914270771400000000000.000000 7602406909827858400000000000.000000 10409262040895334000000000000.000000 13848292120137967000000000000.000000 17900119903362573000000000000.000000 22474169045679777000000000000.000000 27397714724474425000000000000.000000 32415675522139190000000000000.000000 37204253169287527000000000000.000000 41399384557001726000000000000.000000 44637874608486426000000000000.000000 46605707996889306000000000000.000000 47085334122512144000000000000.000000 45992618556678353000000000000.000000 
#### End of iteration: 81 ####
t= 1.281250
U points:
100408923114655350000000000000.000000 92057077591432024000000000000.000000 81390322166999271000000000000.000000 69296715782302678000000000000.000000 56722632140151488000000000000.000000 44549274999768390000000000000.000000 33491277634387596000000000000.000000 24033971607679932000000000000.000000 16416196957613212000000000000.000000 10655252589218501000000000000.000000 6602502531701621600000000000.000000 4014040309846322500000000000.000000 2621034175369199500000000000.000000 2187971067027932400000000000.000000 2552232946979742900000000000.000000 3643439933851400100000000000.000000 5484477567674794400000000000.000000 8177638943006134100000000000.000000 11879224810399092000000000000.000000 16765143340863103000000000000.000000 22989521394045705000000000000.000000 30638776142246644000000000000.000000 39685155903679371000000000000.000000 49945996460988816000000000000.000000 61056931517079339000000000000.000000 72467924367474909000000000000.000000 83469314309786478000000000000.000000 93250723565094815000000000000.000000 100989118292118700000000000000.000000 105954919458533230000000000000.000000 107618804854774660000000000000.000000 105738804158080780000000000000.000000 
#### End of iteration: 82 ####
t= 1.296875
U points:
232053905113590150000000000000.000000 214207010963429220000000000000.000000 190802805274002140000000000000.000000 163782166727605830000000000000.000000 135269112996127070000000000000.000000 107292494498965720000000000000.000000 81547687294046818000000000000.000000 59238225348657339000000000000.000000 41017045678938357000000000000.000000 27024247376400233000000000000.000000 16999161501293013000000000000.000000 10433494339986743000000000000.000000 6730796496868638000000000000.000000 5343994023748637700000000000.000000 5873652716186983000000000000.000000 8120977542219857500000000000.000000 12098120562568946000000000000.000000 18002774802738431000000000000.000000 26164702718793242000000000000.000000 36970516517902311000000000000.000000 50771834450004273000000000000.000000 67782548973115763000000000000.000000 87973930744043142000000000000.000000 110980912176472610000000000000.000000 136037289408609170000000000000.000000 161959352057965900000000000000.000000 187194459481942320000000000000.000000 209942309763545380000000000000.000000 228342837398955490000000000000.000000 240708519409298100000000000000.000000 245764542375354420000000000000.000000 242852339689272090000000000000.000000 
#### End of iteration: 83 ####
t= 1.312500
U points:
535687893794527690000000000000.000000 497777887326686740000000000000.000000 446612143295428570000000000000.000000 386411224273258180000000000000.000000 321920967028970270000000000000.000000 257789325885156380000000000000.000000 198011396797019110000000000000.000000 145537345078723550000000000000.000000 102096240436271130000000000000.000000 68238868869771145000000000000.000000 43558115165917492000000000000.000000 27017094202706693000000000000.000000 17307432349962181000000000000.000000 13170916288511698000000000000.000000 13640165540773466000000000000.000000 18179241525602059000000000000.000000 26725721214060342000000000000.000000 39647775769168294000000000000.000000 57633302569899891000000000000.000000 81526402221122620000000000000.000000 112124029150357390000000000000.000000 149946372438550170000000000000.000000 195000168063020990000000000000.000000 246563590609075290000000000000.000000 303030950588177880000000000000.000000 361860035102319670000000000000.000000 419659762653196980000000000000.000000 472438230728890940000000000000.000000 516002244877856150000000000000.000000 546464297760018590000000000000.000000 560780425354926320000000000000.000000 557222350800803610000000000000.000000 
#### End of iteration: 84 ####
t= 1.328125
U points:
1235264531470640100000000000000.000000 1155274591241521300000000000000.000000 1043846163599761200000000000000.000000 910109096025321410000000000000.000000 764620467871402050000000000000.000000 617978031067737580000000000000.000000 479538354481204650000000000000.000000 356461410078488620000000000000.000000 253218749438716490000000000000.000000 171594090020624060000000000000.000000 111102956663314080000000000000.000000 69687008723621059000000000000.000000 44511756231992418000000000000.000000 32711992975393286000000000000.000000 31974175246767918000000000000.000000 40900364394600471000000000000.000000 59146962302499153000000000000.000000 87362821807465620000000000000.000000 126963711636841090000000000000.000000 179779282912977580000000000000.000000 247604118718257340000000000000.000000 331685062040199560000000000000.000000 432187545510406940000000000000.000000 547702783702354460000000000000.000000 674878328065894100000000000000.000000 808265910101285510000000000000.000000 940471988095183140000000000000.000000 1062661359643789900000000000000.000000 1165403591254303000000000000000.000000 1239776006099477400000000000000.000000 1278563610120225300000000000000.000000 1277347199872551200000000000000.000000 
#### End of iteration: 85 ####
t= 1.343750
U points:
2845451289260911200000000000000.000000 2677957383134105900000000000000.000000 2436282569364101000000000000000.000000 2140067337110088400000000000000.000000 1812692083185465300000000000000.000000 1478210822974232900000000000000.000000 1158412633819106100000000000000.000000 870524034069547020000000000000.000000 625896963045596410000000000000.000000 429794524820567200000000000000.000000 282154748954416510000000000000.000000 179039228622898030000000000000.000000 114392893495763910000000000000.000000 81756523011159686000000000000.000000 75660690684565750000000000000.000000 92549295002287865000000000000.000000 131193446917420790000000000000.000000 192635684164716360000000000000.000000 279742337289654330000000000000.000000 396447610296112520000000000000.000000 546765860640696390000000000000.000000 733648629086131100000000000000.000000 957782419648534020000000000000.000000 1216461659373551800000000000000.000000 1502715278904817200000000000000.000000 1804892677287604300000000000000.000000 2106901825081792300000000000000.000000 2389222883682946700000000000000.000000 2630694494831505100000000000000.000000 2810906065803658300000000000000.000000 2912865085440006200000000000000.000000 2925490262124743700000000000000.000000 
#### End of iteration: 86 ####
t= 1.359375
U points:
6547904591454290600000000000000.000000 6200274935572172500000000000000.000000 5678421924896310200000000000000.000000 5024347844145256500000000000000.000000 4289601789423097400000000000000.000000 3528539757436293100000000000000.000000 2791635122808731300000000000000.000000 2120015323239204100000000000000.000000 1542071759655749900000000000000.000000 1072496393334269600000000000000.000000 713577989621573200000000000000.000000 458175540111869820000000000000.000000 293563163230869830000000000000.000000 205330923308124990000000000000.000000 180688054166659060000000000000.000000 210768217125034550000000000000.000000 291793074374949110000000000000.000000 425145411113097850000000000000.000000 616509809218347550000000000000.000000 874269868409401600000000000000.000000 1207344266989882900000000000000.000000 1622643351867688100000000000000.000000 2122363771866173700000000000000.000000 2701415246442969500000000000000.000000 3345366505569320200000000000000.000000 4029361039762144000000000000000.000000 4718435960366881500000000000000.000000 5369540928496570400000000000000.000000 5935292261446619500000000000000.000000 6369145599750989300000000000000.000000 6631304779200101500000000000000.000000 6694404444174472300000000000000.000000 
#### End of iteration: 87 ####
t= 1.375000
U points:
15053228534179404000000000000000.000000 14339238666416126000000000000000.000000 13217792179389326000000000000000.000000 11778140307620463000000000000000.000000 10133423380732059000000000000000.000000 8405945603089306100000000000000.000000 6712046206438140300000000000000.000000 5149236294445805200000000000000.000000 3787645929027108600000000000000.000000 2666790543147060100000000000000.000000 1797509684212802400000000000000.000000 1167951587338858800000000000000.000000 751888589433258010000000000000.000000 517528046864991850000000000000.000000 435267351298003500000000000000.000000 483367681137074590000000000000.000000 651096967224271420000000000000.000000 939362202039666360000000000000.000000 1359137331574828400000000000000.000000 1928104692305767200000000000000.000000 2665937654089749100000000000000.000000 3588653927249105800000000000000.000000 4702535574502258000000000000000.000000 5998263468557138400000000000000.000000 7446108487653407600000000000000.000000 8993166657990394300000000000000.000000 10563609271861253000000000000000.000000 12062653041419319000000000000000.000000 13384414193525333000000000000000.000000 14423058089067943000000000000000.000000 15085846136587980000000000000000.000000 15306026663040164000000000000000.000000 
#### End of iteration: 88 ####
t= 1.390625
U points:
34573904496240791000000000000000.000000 33125859979321031000000000000000.000000 30728594894490382000000000000000.000000 27570432848147336000000000000000.000000 23898539184763661000000000000000.000000 19986946567080404000000000000000.000000 16102552830229058000000000000000.000000 12475099722790747000000000000000.000000 9275995079094414200000000000000.000000 6608695604580102300000000000000.000000 4510825906286714200000000000000.000000 2965931634927754800000000000000.000000 1921266126781915300000000000000.000000 1307524918603502000000000000000.000000 1056892788299532900000000000000.000000 1116836871026813300000000000000.000000 1458351667278799500000000000000.000000 2078472256855094900000000000000.000000 2997611091363981200000000000000.000000 4252620608181871400000000000000.000000 5886569199632422500000000000000.000000 7936239617899097400000000000000.000000 10418486153496379000000000000000.000000 13316886536421779000000000000000.000000 16570528583394858000000000000000.000000 20067096012044607000000000000000.000000 23642424338637571000000000000000.000000 27088182952611407000000000000000.000000 30168225169750800000000000000000.000000 32642544550553826000000000000000.000000 34295991504134044000000000000000.000000 34967388332829953000000000000000.000000 
#### End of iteration: 89 ####
t= 1.406250
U points:
79336540723397502000000000000000.000000 76445394672900453000000000000000.000000 71350856723535203000000000000000.000000 64447197226711904000000000000000.000000 56271764518288191000000000000000.000000 47435991561832364000000000000000.000000 38549433367272952000000000000000.000000 30150253234616928000000000000000.000000 22653577101941923000000000000000.000000 16324751957206872000000000000000.000000 11279012747327895000000000000000.000000 7503830426967821900000000000000.000000 4896496743049071000000000000000.000000 3307948595013425700000000000000.000000 2584414094472925400000000000000.000000 2600576437576980600000000000000.000000 3280719068745042700000000000000.000000 4606897837558498000000000000000.000000 6615041742394761300000000000000.000000 9380877245811918500000000000000.000000 12997919904570224000000000000000.000000 17549886842364632000000000000000.000000 23080139839523964000000000000000.000000 29561361337245535000000000000000.000000 36869499512116866000000000000000.000000 44766734046651958000000000000000.000000 52898307727065708000000000000000.000000 60807080575583718000000000000000.000000 67967376859192248000000000000000.000000 73836288917772877000000000000000.000000 77916688189707668000000000000000.000000 79822717946786272000000000000000.000000 
#### End of iteration: 90 ####
t= 1.421875
U points:
181893867686194750000000000000000.000000 176236123032387010000000000000000.000000 165480783046591840000000000000000.000000 150445984601326060000000000000000.000000 132294035693687430000000000000000.000000 112383516331855720000000000000000.000000 92100562497978668000000000000000.000000 72699071012428806000000000000000.000000 55176348413824712000000000000000.000000 40201913101416235000000000000000.000000 28105241986220616000000000000000.000000 18916370429096944000000000000000.000000 12444223473982618000000000000000.000000 8373081821496812500000000000000.000000 6357905392039196800000000000000.000000 6103276090872251200000000000000.000000 7416642971726579500000000000000.000000 10232465185064208000000000000000.000000 14608402809288167000000000000000.000000 20697406433166370000000000000000.000000 28700717796663154000000000000000.000000 38807223896075484000000000000000.000000 51125162359177727000000000000000.000000 65613356470309141000000000000000.000000 82020871103891587000000000000000.000000 99845539226386255000000000000000.000000 118322160357069420000000000000000.000000 136449290865560480000000000000000.000000 153058870381313550000000000000000.000000 166925714926602690000000000000000.000000 176905359072918790000000000000000.000000 182080821618524340000000000000000.000000 
#### End of iteration: 91 ####
t= 1.437500
U points:
416673686797396230000000000000000.000000 405894839950232870000000000000000.000000 383359352192334640000000000000000.000000 350747564495935180000000000000000.000000 310560120417476290000000000000000.000000 265803104263849470000000000000000.000000 219615463766330360000000000000000.000000 174904142011987040000000000000000.000000 134047921027591070000000000000000.000000 98713589121632172000000000000000.000000 69802631056105380000000000000000.000000 47519933584049175000000000000000.000000 31534431268785783000000000000000.000000 21189493976180064000000000000000.000000 15719373830164745000000000000000.000000 14435386359796754000000000000000.000000 16857948178087679000000000000000.000000 22783931857949314000000000000000.000000 32289761667470548000000000000000.000000 45677748571189122000000000000000.000000 63376659364444037000000000000000.000000 85808985014589818000000000000000.000000 113238678162593050000000000000000.000000 145615518535187330000000000000000.000000 182435776132056190000000000000000.000000 222642201539590170000000000000000.000000 264587409312021700000000000000000.000000 306081170969670280000000000000000.000000 344532602529127000000000000000000.000000 377182999990940330000000000000000.000000 401406475727943860000000000000000.000000 415037681187149290000000000000000.000000 
#### End of iteration: 92 ####
t= 1.453125
U points:
953717948184193190000000000000000.000000 933946398605297040000000000000000.000000 887139730817455570000000000000000.000000 816707486746723900000000000000000.000000 727998740543313780000000000000000.000000 627636740722056060000000000000000.000000 522700839307501800000000000000000.000000 419898612862586530000000000000000.000000 324867236138797350000000000000000.000000 241709649772142100000000000000000.000000 172817461430098490000000000000000.000000 118973088557667670000000000000000.000000 79672890214321732000000000000000.000000 53581514016782124000000000000000.000000 39019479231291286000000000000000.000000 34398476797120834000000000000000.000000 38544513667430032000000000000000.000000 50878689630051902000000000000000.000000 71451336268498238000000000000000.000000 100843259263781090000000000000000.000000 139957718752485010000000000000000.000000 189731396879245460000000000000000.000000 250795884854187880000000000000000.000000 323126175417815370000000000000000.000000 405719852383392240000000000000000.000000 496357852065341500000000000000000.000000 591500411840894310000000000000000.000000 686365188883297160000000000000000.000000 775215156899389590000000000000000.000000 851851815092406930000000000000000.000000 910268913033395350000000000000000.000000 945381768254330350000000000000000.000000 
#### End of iteration: 93 ####
t= 1.468750
U points:
2181231517567516700000000000000000.000000 2147011295823090300000000000000000.000000 2050793784738991900000000000000000.000000 1899396055925939700000000000000000.000000 1704188782957041500000000000000000.000000 1479701533663668500000000000000000.000000 1241836851812474100000000000000000.000000 1006003038641235100000000000000000.000000 785480047371239540000000000000000.000000 590270227338091150000000000000000.000000 426573910020236270000000000000000.000000 296898838707129130000000000000000.000000 200694496586733730000000000000000.000000 135322852992808940000000000000000.000000 97147963039388810000000000000000.000000 82545362921277812000000000000000.000000 88683813071742290000000000000000.000000 113996945728490140000000000000000.000000 158322819425397390000000000000000.000000 222734194252140260000000000000000.000000 309109159155293780000000000000000.000000 419505392020026800000000000000000.000000 555409975312647510000000000000000.000000 716947308231057130000000000000000.000000 902142524500361240000000000000000.000000 1106353094882142600000000000000000.000000 1321988102030002600000000000000000.000000 1538622408271235400000000000000000.000000 1743573653874679300000000000000000.000000 1922942652636289500000000000000000.000000 2063030588705469100000000000000000.000000 2151956788134592900000000000000000.000000 
#### End of iteration: 94 ####
t= 1.484375
U points:
4984860655723180700000000000000000.000000 4931330931428057700000000000000000.000000 4736000038729017900000000000000000.000000 4412249131578458500000000000000000.000000 3984083087294559900000000000000000.000000 3483233025712723000000000000000000.000000 2945280349061758800000000000000000.000000 2405469530903412000000000000000000.000000 1894915100414725200000000000000000.000000 1437795896880654900000000000000000.000000 1049899698815451000000000000000000.000000 738595341198982350000000000000000.000000 504038506103976880000000000000000.000000 341221284090402870000000000000000.000000 242387260385100190000000000000000.000000 199353664611741210000000000000000.000000 205382992842431340000000000000000.000000 256386837932123750000000000000000.000000 351383505192396430000000000000000.000000 492240338559930000000000000000000.000000 682802070600385510000000000000000.000000 927545145908583680000000000000000.000000 1229921220536888300000000000000000.000000 1590576701497606900000000000000000.000000 2005666190547420000000000000000000.000000 2465510058528723900000000000000000.000000 2953862630218868200000000000000000.000000 3448035019998064500000000000000000.000000 3920037190737727700000000000000000.000000 4338762613783137900000000000000000.000000 4673051091324926300000000000000000.000000 4895266065916212000000000000000000.000000 
#### End of iteration: 95 ####
t= 1.500000
U points:
11383734008585409000000000000000000.000000 11316816697044465000000000000000000.000000 10926376445479391000000000000000000.000000 10238056451785731000000000000000000.000000 9302144847933937700000000000000000.000000 8187615936447195800000000000000000.000000 6973769137736535700000000000000000.000000 5740891505642279100000000000000000.000000 4561515123876780800000000000000000.000000 3493651676063999300000000000000000.000000 2576920064970828700000000000000000.000000 1831864466320938400000000000000000.000000 1262144390112975200000000000000000.000000 858803841878789540000000000000000.000000 605579149409746550000000000000000.000000 484200056668421790000000000000000.000000 478828395825924370000000000000000.000000 579076717454207580000000000000000.000000 781363840822729690000000000000000.000000 1088626660132873200000000000000000.000000 1508587639611891100000000000000000.000000 2050883105175725400000000000000000.000000 2723420326478857200000000000000000.000000 3528386241965090300000000000000000.000000 4458396352038884900000000000000000.000000 5493340904385778000000000000000000.000000 6598523264400204000000000000000000.000000 7724644822077480800000000000000000.000000 8810030325296010600000000000000000.000000 9785192204831655300000000000000000.000000 10579428853983522000000000000000000.000000 11128710878689002000000000000000000.000000 
#### End of iteration: 96 ####
t= 1.515625
U points:
25978103254222669000000000000000000.000000 25949382424277651000000000000000000.000000 25184289680902033000000000000000000.000000 23730379811918939000000000000000000.000000 21692083066774513000000000000000000.000000 19218593605988356000000000000000000.000000 16485947577672801000000000000000000.000000 13676314241564952000000000000000000.000000 10957975612082263000000000000000000.000000 8469185686037733100000000000000000.000000 6308170377868241200000000000000000.000000 4530204698571700000000000000000000.000000 3151317690154679300000000000000000.000000 2157045343373371300000000000000000.000000 1513992388065569100000000000000000.000000 1181842041972870200000000000000000.000000 1123790478535604500000000000000000.000000 1314004661983037900000000000000000.000000 1741405502012796400000000000000000.000000 2409698420075887000000000000000000.000000 3334024620729313700000000000000000.000000 4534887486130416700000000000000000.000000 6030177713049073500000000000000000.000000 7826252567778165900000000000000000.000000 9909166731894527200000000000000000.000000 12237298197750534000000000000000000.000000 14736698862901934000000000000000000.000000 17300427291341583000000000000000000.000000 19792797580438027000000000000000000.000000 22058861629290510000000000000000000.000000 23938576932359157000000000000000000.000000 25284139961607509000000000000000000.000000 
#### End of iteration: 97 ####
t= 1.531250
U points:
59242201150488406000000000000000000.000000 59454418509584803000000000000000000.000000 57994394567889248000000000000000000.000000 54946171582031077000000000000000000.000000 50524423227231875000000000000000000.000000 45050177240455979000000000000000000.000000 38912657725127018000000000000000000.000000 32523605285609998000000000000000000.000000 26271709639289316000000000000000000.000000 20484457878116495000000000000000000.000000 15402885484169825000000000000000000.000000 11171909174600642000000000000000000.000000 7845830151415625200000000000000000.000000 5405939889182296100000000000000000.000000 3785465099439513200000000000000000.000000 2896570002218732800000000000000000.000000 2654683907436614300000000000000000.000000 2996693140370446000000000000000000.000000 3891087752927931600000000000000000.000000 5339599106106100100000000000000000.000000 7370974695120130100000000000000000.000000 10028267382593405000000000000000000.000000 13351466702260488000000000000000000.000000 17357625108152367000000000000000000.000000 22020947322773061000000000000000000.000000 27255624143754029000000000000000000.000000 32904386581309832000000000000000000.000000 38735630055292621000000000000000000.000000 44451306770303716000000000000000000.000000 49706498680001274000000000000000000.000000 54139732950934883000000000000000000.000000 57410966550047219000000000000000000.000000 
#### End of iteration: 98 ####
t= 1.546875
U points:
135009900127904570000000000000000000.000000 136115270100322650000000000000000000.000000 133431438557699320000000000000000000.000000 127095724895078570000000000000000000.000000 117544154800933630000000000000000000.000000 105463617435398260000000000000000000.000000 91711210942212206000000000000000000.000000 77214028342542434000000000000000000.000000 62866041620790396000000000000000000.000000 49438665735962710000000000000000000.000000 37518129829881480000000000000000000.000000 27476894564130559000000000000000000.000000 19479525634224688000000000000000000.000000 13517264126796251000000000000000000.000000 9461287779853613300000000000000000.000000 7122956715727809800000000000000000.000000 6310087622936476200000000000000000.000000 6870834553843710500000000000000000.000000 8720129764210456300000000000000000.000000 11846964655244155000000000000000000.000000 16303480327891335000000000000000000.000000 22178699926387519000000000000000000.000000 29560918999376924000000000000000000.000000 38493587610108092000000000000000000.000000 48930236501697327000000000000000000.000000 60694679987710930000000000000000000.000000 73453164995506413000000000000000000.000000 86704920913185439000000000000000000.000000 99796253464577487000000000000000000.000000 111960648234533870000000000000000000.000000 122383399232215500000000000000000000.000000 130284602404938850000000000000000000.000000 
#### End of iteration: 99 ####
t= 1.562500
U points:
307482179453870310000000000000000000.000000 311390902919277250000000000000000000.000000 306731691339914120000000000000000000.000000 293697124759978090000000000000000000.000000 273159986753800390000000000000000000.000000 246580992449563770000000000000000000.000000 215839656192411840000000000000000000.000000 183015648374085720000000000000000000.000000 150156739860604040000000000000000000.000000 119070703910535430000000000000000000.000000 91172202529032908000000000000000000.000000 67403482803156246000000000000000000.000000 48232753659897782000000000000000000.000000 33719938717719420000000000000000000.000000 23629083129008568000000000000000000.000000 17561713973979094000000000000000000.000000 15086028075251256000000000000000000.000000 15841677538701092000000000000000000.000000 19607159900803383000000000000000000.000000 26324380250398711000000000000000000.000000 36081376002702651000000000000000000.000000 49058861885938064000000000000000000.000000 65449322476629667000000000000000000.000000 85359455151426321000000000000000000.000000 108708447177867380000000000000000000.000000 135136072954171390000000000000000000.000000 163935578632399540000000000000000000.000000 194025970349571270000000000000000000.000000 223975684217047790000000000000000000.000000 252084044825135140000000000000000000.000000 276518501000841460000000000000000000.000000 295495419538446140000000000000000000.000000 
#### End of iteration: 100 ####
t= 1.578125
U points:
699846871466631340000000000000000000.000000 711855173212931990000000000000000000.000000 704529875805171820000000000000000000.000000 678043477579703650000000000000000000.000000 634111364716907100000000000000000000.000000 575818868776245640000000000000000000.000000 507269718725815120000000000000000000.000000 433111706829467910000000000000000000.000000 358017254799333420000000000000000000.000000 286202509884809950000000000000000000.000000 221057534429667820000000000000000000.000000 164935205430848060000000000000000000.000000 119113981709650080000000000000000000.000000 83917448863588060000000000000000000.000000 58948426300977893000000000000000000.000000 43381762366114188000000000000000000.000000 36258717140472231000000000000000000.000000 36734898634341182000000000000000000.000000 44248987562942219000000000000000000.000000 58596460570550710000000000000000000.000000 79907665633517772000000000000000000.000000 108541119739147270000000000000000000.000000 144910750187765650000000000000000000.000000 189271088089436190000000000000000000.000000 241488444650048280000000000000000000.000000 300829482630537610000000000000000000.000000 365800812483446900000000000000000000.000000 434072709957500600000000000000000000.000000 502514747398846700000000000000000000.000000 567359545773805100000000000000000000.000000 624492942019619480000000000000000000.000000 669846636691785640000000000000000000.000000 
