Grid configuration:
N: 32.000000, L: 1.000000, h: 0.031250, CFL: 0.500000, dt: 0.015625, nt: 100.000000, c: 1.000000, sigma: 0.062500
Initial condition (U points):
0.000000 0.000000 0.000000 0.000000 0.000000 0.000000 0.000000 0.000000 0.000000 0.000005 0.000123 0.001930 0.018316 0.105399 0.367879 0.778801 1.000000 0.778801 0.367879 0.105399 0.018316 0.001930 0.000123 0.000005 0.000000 0.000000 0.000000 0.000000 0.000000 0.000000 0.000000 0.000000 
#### End of iteration: 0 ####
t= 0.015625
U points:
0.000000 0.000000 0.000000 0.000000 0.000000 0.000000 0.000000 0.000000 0.000001 0.000003 -0.000005 -0.000200 0.001525 0.035667 0.211353 0.603957 0.960996 0.911961 0.541578 0.210195 0.055699 0.010528 0.001477 0.000158 0.000013 0.000001 0.000000 0.000000 0.000000 0.000000 0.000000 0.000000 
#### End of iteration: 1 ####
t= 0.031250
U points:
0.000000 0.000000 0.000000 0.000000 0.000000 0.000000 -0.000000 0.000000 0.000001 -0.000000 0.000033 0.000081 -0.002205 -0.001225 0.087882 0.412870 0.849871 0.982757 0.710907 0.345761 0.119777 0.031007 0.006238 0.001005 0.000132 0.000014 0.000001 0.000000 0.000000 0.000000 0.000000 0.000000 
#### End of iteration: 2 ####
t= 0.046875
U points:
0.000000 0.000000 -0.000000 0.000000 -0.000000 0.000000 0.000000 -0.000000 0.000001 0.000000 -0.000039 0.000419 0.000000 -0.012385 0.005681 0.231158 0.683122 0.979085 0.852122 0.500937 0.213276 0.069219 0.017805 0.003739 0.000655 0.000097 0.000012 0.000001 0.000000 0.000000 0.000000 0.000000 
#### End of iteration: 3 ####
t= 0.062500
U points:
0.000000 0.000000 -0.000000 0.000000 0.000000 -0.000000 0.000000 -0.000000 -0.000001 0.000020 -0.000104 0.000027 0.002783 -0.007532 -0.035158 0.080311 0.484901 0.899789 0.943353 0.658686 0.333982 0.130120 0.040557 0.010420 0.002257 0.000419 0.000067 0.000010 0.000001 0.000000 0.000000 0.000000 
#### End of iteration: 4 ####
t= 0.078125
U points:
0.000000 0.000000 0.000000 -0.000000 0.000000 -0.000000 0.000000 0.000001 -0.000009 0.000036 -0.000001 -0.000799 0.003233 0.003462 -0.041537 -0.025622 0.282711 0.755071 0.968634 0.798430 0.473948 0.216250 0.079208 0.024026 0.006176 0.001369 0.000265 0.000045 0.000007 0.000001 0.000000 0.000000 
#### End of iteration: 5 ####
t= 0.093750
U points:
0.000000 0.000000 0.000000 -0.000000 0.000000 0.000000 -0.000001 0.000004 -0.000015 -0.000000 0.000285 -0.001322 0.000844 0.012670 -0.024999 -0.081749 0.102619 0.564834 0.921069 0.899366 0.619800 0.326342 0.137814 0.048258 0.014356 0.003695 0.000834 0.000167 0.000030 0.000005 0.000001 0.000000 
#### End of iteration: 6 ####
t= 0.109375
U points:
0.000000 0.000000 0.000000 -0.000000 -0.000000 0.000000 -0.000002 0.000006 -0.000000 -0.000113 0.000576 -0.000937 -0.003123 0.015433 0.001248 -0.092206 -0.035078 0.355260 0.804443 0.944169 0.754212 0.454445 0.218571 0.087046 0.029458 0.008636 0.002226 0.000510 0.000105 0.000019 0.000003 0.000001 
#### End of iteration: 7 ####
t= 0.125000
U points:
0.000000 0.000000 0.000000 0.000000 -0.000000 0.000001 -0.000003 0.000001 0.000048 -0.000263 0.000604 0.000467 -0.006605 0.010725 0.025274 -0.068342 -0.118933 0.154266 0.632941 0.922361 0.858416 0.589843 0.320650 0.143773 0.054697 0.018022 0.005223 0.001348 0.000313 0.000066 0.000013 0.000002 
#### End of iteration: 8 ####
t= 0.140625
U points:
0.000001 0.000000 0.000000 0.000000 -0.000001 0.000001 -0.000000 -0.000021 0.000125 -0.000349 0.000165 0.002428 -0.007734 0.000604 0.038730 -0.025679 -0.147624 -0.013259 0.428948 0.832644 0.915330 0.717951 0.439354 0.220311 0.093431 0.034266 0.011050 0.003174 0.000820 0.000192 0.000041 0.000008 
#### End of iteration: 9 ####
t= 0.156250
U points:
0.000005 0.000001 0.000000 0.000000 -0.000001 0.000000 0.000010 -0.000061 0.000194 -0.000243 -0.000745 0.004095 -0.005584 -0.011015 0.038069 0.019645 -0.129258 -0.129555 0.219322 0.683687 0.912745 0.822152 0.565864 0.316043 0.148533 0.060206 0.021429 0.006789 0.001935 0.000501 0.000118 0.000026 
#### End of iteration: 10 ####
t= 0.171875
U points:
0.000016 0.000003 0.000000 0.000000 -0.000000 -0.000005 0.000031 -0.000107 0.000192 0.000136 -0.001880 0.004575 -0.000512 -0.019869 0.024559 0.054186 -0.078957 -0.186631 0.030854 0.493123 0.845924 0.886344 0.687760 0.427104 0.221598 0.098766 0.038565 0.013388 0.004180 0.001184 0.000307 0.000073 
#### End of iteration: 11 ####
t= 0.187500
U points:
0.000045 0.000010 0.000002 0.000001 0.000002 -0.000016 0.000059 -0.000130 0.000053 0.000764 -0.002794 0.003303 0.005980 -0.022750 0.003184 0.069603 -0.015279 -0.186995 -0.114255 0.284877 0.719060 0.897766 0.790372 0.546054 0.312120 0.152421 0.065000 0.024596 0.008361 0.002578 0.000726 0.000188 
#### End of iteration: 12 ####
t= 0.203125
U points:
0.000116 0.000028 0.000006 0.000000 0.000008 -0.000032 0.000082 -0.000090 -0.000258 0.001484 -0.002993 0.000306 0.011752 -0.018441 -0.019187 0.063735 0.043724 -0.142395 -0.201999 0.085283 0.545215 0.849571 0.858816 0.662174 0.416816 0.222537 0.103309 0.042443 0.015637 0.005220 0.001592 0.000447 
#### End of iteration: 13 ####
t= 0.218750
U points:
0.000275 0.000072 0.000018 -0.000000 0.000019 -0.000050 0.000079 0.000051 -0.000711 0.002029 -0.002127 -0.003743 0.014735 -0.007998 -0.035872 0.040226 0.084009 -0.070898 -0.228601 -0.081296 0.344648 0.742625 0.880427 0.762458 0.529280 0.308669 0.155653 0.069223 0.027546 0.009918 0.003260 0.000985 
#### End of iteration: 14 ####
t= 0.234375
U points:
0.000610 0.000170 0.000046 0.000001 0.000032 -0.000058 0.000023 0.000304 -0.001197 0.002094 -0.000154 -0.007682 0.013611 0.005631 -0.042186 0.006924 0.097910 0.007046 -0.200593 -0.196517 0.141776 0.586085 0.847171 0.833252 0.640136 0.407958 0.223209 0.107233 0.045965 0.017793 0.006279 0.002036 
#### End of iteration: 15 ####
t= 0.250000
U points:
0.001272 0.000377 0.000111 0.000010 0.000046 -0.000039 -0.000107 0.000643 -0.001539 0.001452 0.002582 -0.010198 0.008257 0.018521 -0.036562 -0.026519 0.084979 0.072722 -0.132995 -0.251009 -0.038730 0.396551 0.757545 0.862319 0.737783 0.514796 0.305565 0.158376 0.072981 0.030299 0.011449 0.003970 
#### End of iteration: 16 ####
t= 0.265625
U points:
0.002508 0.000792 0.000245 0.000039 0.000055 0.000025 -0.000315 0.000985 -0.001537 0.000054 0.005398 -0.010247 -0.000160 0.026910 -0.020789 -0.051206 0.051225 0.112620 -0.045978 -0.245652 -0.175990 0.195839 0.617559 0.841026 0.809714 0.620887 0.400187 0.223673 0.110661 0.049181 0.019855 0.007345 
#### End of iteration: 17 ####
t= 0.281250
U points:
0.004702 0.001577 0.000513 0.000117 0.000052 0.000149 -0.000572 0.001207 -0.001035 -0.001909 0.007438 -0.007403 -0.009479 0.028269 0.000645 -0.061149 0.007035 0.120589 0.039256 -0.190959 -0.256353 0.007712 0.440501 0.766233 0.844271 0.715809 0.502094 0.302730 0.160695 0.076353 0.032874 0.012947 
#### End of iteration: 18 ####
t= 0.296875
U points:
0.008413 0.002992 0.001019 0.000290 0.000041 0.000336 -0.000817 0.001171 0.000012 -0.004005 0.007919 -0.002058 -0.017132 0.022001 0.021861 -0.054539 -0.035665 0.098327 0.104558 -0.104706 -0.275560 -0.145890 0.245411 0.641485 0.832600 0.788092 0.603871 0.393267 0.223972 0.113684 0.052135 0.021825 
#### End of iteration: 19 ####
t= 0.312500
U points:
0.014415 0.005429 0.001934 0.000639 0.000039 0.000570 -0.000954 0.000765 0.001485 -0.005655 0.006385 0.004620 -0.020868 0.009601 0.037194 -0.033904 -0.066342 0.054200 0.138055 -0.008296 -0.239209 -0.248414 0.054456 0.477217 0.770444 0.826714 0.696093 0.490812 0.300109 0.162687 0.079400 0.035285 
#### End of iteration: 20 ####
t= 0.328125
U points:
0.023718 0.009450 0.003520 0.001288 0.000098 0.000820 -0.000878 -0.000044 0.003101 -0.006275 0.002894 0.010959 -0.019394 -0.005751 0.042668 -0.005205 -0.078231 0.000752 0.135921 0.077397 -0.161435 -0.291407 -0.110417 0.289792 0.659450 0.822825 0.768217 0.588676 0.387031 0.224140 0.116372 0.054854 
#### End of iteration: 21 ####
t= 0.343750
U points:
0.037567 0.015818 0.006169 0.002425 0.000316 0.001046 -0.000497 -0.001178 0.004451 -0.005458 -0.001935 0.015211 -0.012775 -0.020041 0.036973 0.023852 -0.069642 -0.048467 0.102397 0.135888 -0.062060 -0.275828 -0.230938 0.099459 0.507657 0.771434 0.809855 0.678283 0.480685 0.297666 0.164414 0.082161 
#### End of iteration: 22 ####
t= 0.359375
U points:
0.057390 0.025513 0.010430 0.004321 0.000855 0.001222 0.000240 -0.002430 0.005101 -0.003117 -0.007021 0.016039 -0.002466 -0.029494 0.021728 0.045834 -0.043996 -0.082053 0.048168 0.157874 0.037223 -0.211695 -0.295491 -0.072512 0.328978 0.672733 0.812305 0.749911 0.574987 0.381358 0.224207 0.118765 
#### End of iteration: 23 ####
t= 0.375000
U points:
0.084699 0.039727 0.017046 0.007360 0.001962 0.001371 0.001311 -0.003492 0.004707 0.000429 -0.011074 0.012915 0.009029 -0.031563 0.000988 0.055415 -0.008660 -0.093173 -0.012484 0.142474 0.116892 -0.116114 -0.301016 -0.207053 0.141659 0.532777 0.770105 0.793783 0.662093 0.471510 0.295380 0.165902 
#### End of iteration: 24 ####
t= 0.390625
U points:
0.120923 0.059810 0.026964 0.012062 0.003981 0.001602 0.002632 -0.004007 0.003141 0.004488 -0.012922 0.006317 0.018793 -0.025604 -0.019854 0.050607 0.027074 -0.080785 -0.065077 0.096708 0.163053 -0.010065 -0.253454 -0.290324 -0.034123 0.363300 0.682339 0.801430 0.733004 0.562558 0.376164 0.224173 
#### End of iteration: 25 ####
t= 0.406250
U points:
0.167179 0.087176 0.041333 0.019109 0.007361 0.002149 0.004068 -0.003650 0.000567 0.008127 -0.011846 -0.002331 0.024250 -0.013044 -0.035472 0.033108 0.054342 -0.049471 -0.098129 0.033420 0.169678 0.085468 -0.166634 -0.315979 -0.179167 0.180590 0.553433 0.767103 0.778524 0.647283 0.463150 0.293212 
#### End of iteration: 26 ####
t= 0.421875
U points:
0.223993 0.123140 0.061449 0.029366 0.012669 0.003409 0.005498 -0.002211 -0.002542 0.010396 -0.007805 -0.010982 0.023848 0.002985 -0.041957 0.007730 0.066821 -0.007988 -0.105481 -0.031865 0.139205 0.153247 -0.059756 -0.286231 -0.278192 0.003515 0.393218 0.689050 0.790457 0.717333 0.551212 0.371375 
#### End of iteration: 27 ####
t= 0.437500
U points:
0.291001 0.168712 0.088670 0.043875 0.020587 0.005955 0.006889 0.000351 -0.005466 0.010581 -0.001515 -0.017459 0.017493 0.018446 -0.037777 -0.018913 0.062122 0.033048 -0.087300 -0.084435 0.081443 0.182720 0.046058 -0.211476 -0.322290 -0.149055 0.216139 0.570362 0.762907 0.764052 0.633675 0.455508 
#### End of iteration: 28 ####
t= 0.453125
U points:
0.366662 0.224337 0.124258 0.063823 0.031913 0.010534 0.008386 0.003890 -0.007375 0.008426 0.005685 -0.020019 0.006605 0.029425 -0.024115 -0.040112 0.042173 0.063763 -0.049607 -0.113502 0.011064 0.171587 0.131514 -0.108498 -0.310428 -0.261016 0.039660 0.419219 0.693485 0.779542 0.702759 0.540872 
#### End of iteration: 29 ####
t= 0.468750
U points:
0.448052 0.289621 0.169181 0.090470 0.047547 0.018036 0.010395 0.008123 -0.007504 0.004262 0.012131 -0.017815 -0.006208 0.033131 -0.004523 -0.050722 0.012540 0.077309 -0.002528 -0.114268 -0.055751 0.125713 0.182478 0.002449 -0.249684 -0.321546 -0.117980 0.248377 0.584192 0.757856 0.750299 0.621273 
#### End of iteration: 30 ####
t= 0.484375
U points:
0.530785 0.363076 0.223864 0.125018 0.068464 0.029449 0.013636 0.012745 -0.005317 -0.001001 0.016248 -0.011147 -0.017788 0.028600 0.016011 -0.048386 -0.019081 0.071313 0.042272 -0.088586 -0.104778 0.057465 0.192278 0.101154 -0.154115 -0.326887 -0.240330 0.073887 0.441787 0.696133 0.768703 0.689438 
#### End of iteration: 31 ####
t= 0.500000
U points:
0.609111 0.441934 0.287928 0.168434 0.095662 0.045787 0.019142 0.017576 -0.000633 -0.006022 0.016962 -0.001435 -0.025213 0.016936 0.032338 -0.034026 -0.044828 0.048204 0.074365 -0.044123 -0.126633 -0.017160 0.162534 0.170930 -0.042425 -0.281067 -0.315197 -0.086835 0.277489 0.595484 0.752035 0.737653 
#### End of iteration: 32 ####
t= 0.515625
U points:
0.676251 0.522071 0.359944 0.221219 0.130080 0.068016 0.028209 0.022733 0.006360 -0.009293 0.014027 0.009113 -0.026537 0.001039 0.040433 -0.011517 -0.058586 0.014394 0.086891 0.007702 -0.118457 -0.081990 0.102386 0.201396 0.065187 -0.195345 -0.336610 -0.217334 0.105974 0.461452 0.697083 0.758614 
#### End of iteration: 33 ####
t= 0.531250
U points:
0.724941 0.598101 0.437251 0.283150 0.172470 0.096973 0.042276 0.028762 0.015188 -0.009450 0.008157 0.018037 -0.021286 -0.015128 0.038384 0.013352 -0.057401 -0.021441 0.077956 0.054505 -0.084141 -0.124006 0.026313 0.190063 0.150446 -0.086452 -0.305885 -0.304497 -0.056273 0.303880 0.604241 0.746421 
#### End of iteration: 34 ####
t= 0.546875
U points:
0.748203 0.663672 0.515884 0.353029 0.223225 0.133277 0.062772 0.036708 0.025281 -0.005555 0.000939 0.023252 -0.010586 -0.027522 0.026834 0.034363 -0.042082 -0.050531 0.050804 0.085774 -0.033076 -0.135850 -0.049011 0.142403 0.200051 0.026127 -0.231570 -0.340593 -0.193049 0.136138 0.478019 0.697578 
#### End of iteration: 35 ####
t= 0.562500
U points:
0.740235 0.711961 0.590661 0.428478 0.282177 0.177247 0.090920 0.048078 0.036232 0.002725 -0.005464 0.023608 0.003105 -0.033026 0.008785 0.046409 -0.016859 -0.066112 0.012807 0.095155 0.022211 -0.117044 -0.108150 0.070440 0.207815 0.123364 -0.128208 -0.324589 -0.290684 -0.026278 0.327054 0.611854 
#### End of iteration: 36 ####
t= 0.578125
U points:
0.697344 0.736358 0.655462 0.505835 0.348373 0.228805 0.127556 0.064694 0.048048 0.015101 -0.008754 0.019240 0.016621 -0.030208 -0.011180 0.046725 0.011760 -0.064957 -0.026465 0.081676 0.068995 -0.073703 -0.139956 -0.009868 0.175476 0.189830 -0.014079 -0.262499 -0.340080 -0.167606 0.163517 0.492847 
#### End of iteration: 37 ####
t= 0.593750
U points:
0.618773 0.731285 0.703698 0.580195 0.419863 0.287369 0.172967 0.088449 0.061343 0.030819 -0.006973 0.011621 0.026892 -0.019659 -0.028043 0.035511 0.036655 -0.048000 -0.057589 0.049690 0.097175 -0.016871 -0.139613 -0.081915 0.112050 0.216206 0.091713 -0.166606 -0.338214 -0.273912 0.001939 0.348089 
#### End of iteration: 38 ####
t= 0.609375
U points:
0.507280 0.693045 0.728965 0.645642 0.493560 0.351740 0.226770 0.120985 0.077396 0.048954 0.001110 0.003299 0.031745 -0.003820 -0.037590 0.015817 0.051845 -0.019947 -0.073501 0.007617 0.101395 0.040113 -0.109297 -0.131730 0.031840 0.200695 0.172340 -0.053668 -0.288776 -0.335106 -0.142446 0.188633 
#### End of iteration: 39 ####
t= 0.625000
U points:
0.369334 0.620591 0.725810 0.695683 0.565203 0.419989 0.287848 0.163367 0.098045 0.068785 0.015795 -0.002621 0.030507 0.013665 -0.037426 -0.007267 0.053909 0.011999 -0.071053 -0.034191 0.081998 0.084630 -0.057364 -0.150631 -0.048485 0.149067 0.215968 0.057660 -0.201815 -0.346526 -0.255637 0.028071 
#### End of iteration: 40 ####
t= 0.640625
U points:
0.214842 0.516097 0.690550 0.723863 0.629483 0.489355 0.354337 0.215783 0.125409 0.090133 0.036481 -0.003122 0.024247 0.028888 -0.027518 -0.027897 0.042750 0.039961 -0.051591 -0.065934 0.044671 0.107487 0.003714 -0.136708 -0.113182 0.073338 0.217618 0.149772 -0.092356 -0.309822 -0.326818 -0.118923 
#### End of iteration: 41 ####
t= 0.656250
U points:
0.056356 0.385184 0.622003 0.724536 0.680360 0.556207 0.423660 0.277345 0.161472 0.113576 0.061941 0.004104 0.015612 0.038704 -0.010137 -0.040906 0.021523 0.057314 -0.020452 -0.080604 -0.001094 0.104772 0.060195 -0.094890 -0.150434 -0.010673 0.179827 0.208908 0.021810 -0.232930 -0.350003 -0.238375 
#### End of iteration: 42 ####
t= 0.671875
U points:
-0.092186 0.236739 0.522033 0.693682 0.711581 0.616094 0.492594 0.346004 0.207610 0.140465 0.090750 0.020217 0.008289 0.041565 0.010771 -0.043037 -0.004211 0.060235 0.014462 -0.075497 -0.044331 0.078458 0.100054 -0.035612 -0.154498 -0.086434 0.111960 0.227337 0.122846 -0.129070 -0.325088 -0.318877 
#### End of iteration: 43 ####
t= 0.687500
U points:
-0.217058 0.082266 0.395795 0.629676 0.717374 0.663919 0.557367 0.418619 0.264135 0.172699 0.121770 0.045076 0.006226 0.037989 0.030636 -0.033671 -0.027892 0.048543 0.044662 -0.052653 -0.075162 0.035699 0.115490 0.027603 -0.126572 -0.139850 0.028319 0.204506 0.195649 -0.014890 -0.258101 -0.353259 
#### End of iteration: 44 ####
t= 0.703125
U points:
-0.306499 -0.065198 0.251578 0.533880 0.693243 0.694286 0.613792 0.491142 0.329953 0.212291 0.154547 0.077404 0.012799 0.030514 0.045461 -0.014878 -0.043559 0.025631 0.063112 -0.018191 -0.087005 -0.013006 0.104412 0.081097 -0.074250 -0.161862 -0.054621 0.146954 0.230216 0.091996 -0.160541 -0.339790 
#### End of iteration: 45 ####
t= 0.718750
U points:
-0.352360 -0.192502 0.100226 0.410946 0.636778 0.701997 0.657440 0.558910 0.402419 0.260791 0.189502 0.115219 0.030125 0.023194 0.052887 0.009193 -0.047253 -0.002444 0.065867 0.019296 -0.077946 -0.056304 0.070639 0.113963 -0.009710 -0.149994 -0.121317 0.066974 0.223180 0.175691 -0.047840 -0.282660 
#### End of iteration: 46 ####
t= 0.734375
U points:
-0.351386 -0.287984 -0.045850 0.268722 0.548348 0.682705 0.683883 0.616998 0.477414 0.318692 0.227845 0.156422 0.058689 0.020720 0.052848 0.033444 -0.037891 -0.028483 0.052909 0.050854 -0.050976 -0.084576 0.022806 0.120226 0.052967 -0.108577 -0.160025 -0.019721 0.178229 0.224466 0.062829 -0.191636 
#### End of iteration: 47 ####
t= 0.750000
U points:
-0.305911 -0.343021 -0.173985 0.117733 0.431537 0.633622 0.689008 0.660588 0.549655 0.384936 0.271204 0.199363 0.097347 0.027409 0.047678 0.053173 -0.017403 -0.045882 0.028040 0.069293 -0.013108 -0.092029 -0.027739 0.099903 0.100774 -0.047620 -0.164882 -0.096920 0.105319 0.232571 0.155105 -0.080847 
#### End of iteration: 48 ####
t= 0.765625
U points:
-0.223786 -0.353318 -0.272749 -0.029765 0.293231 0.554221 0.669431 0.685332 0.613196 0.456653 0.321028 0.243244 0.143711 0.046286 0.041639 0.065323 0.009879 -0.050170 -0.002132 0.070827 0.026411 -0.077851 -0.069551 0.058750 0.124436 0.019416 -0.136817 -0.150876 0.018794 0.201069 0.215916 0.033130 
#### End of iteration: 49 ####
t= 0.781250
U points:
-0.117512 -0.319698 -0.333417 -0.161068 0.143253 0.446782 0.622969 0.687681 0.662041 0.529197 0.377903 0.288223 0.194788 0.078477 0.039982 0.069308 0.038415 -0.039973 -0.029826 0.055867 0.058339 -0.046190 -0.093629 0.006778 0.120189 0.078465 -0.083121 -0.172757 -0.065230 0.137527 0.237493 0.133654 
#### End of iteration: 50 ####
t= 0.796875
U points:
-0.002631 -0.248238 -0.351210 -0.264508 -0.006449 0.316669 0.549150 0.665183 0.690786 0.596516 0.440926 0.335176 0.247700 0.123045 0.047790 0.067242 0.062929 -0.017200 -0.047949 0.028797 0.075593 -0.005011 -0.095311 -0.044086 0.090353 0.117739 -0.015800 -0.160135 -0.131784 0.054604 0.218543 0.206478 
#### End of iteration: 51 ####
t= 0.812500
U points:
0.104406 -0.149674 -0.326102 -0.330933 -0.143016 0.172230 0.449670 0.616745 0.695203 0.651796 0.507318 0.385163 0.300291 0.177282 0.068851 0.063507 0.079801 0.013597 -0.051720 -0.003159 0.074842 0.035876 -0.075148 -0.082673 0.042598 0.130058 0.050965 -0.117227 -0.169696 -0.032237 0.164372 0.241918 
#### End of iteration: 52 ####
t= 0.828125
U points:
0.188600 -0.038102 -0.263040 -0.354983 -0.254162 0.024261 0.328716 0.542865 0.672697 0.688302 0.572371 0.438717 0.351451 0.237378 0.104842 0.063767 0.088034 0.046479 -0.039677 -0.031702 0.057172 0.067146 -0.038567 -0.100983 -0.011901 0.114160 0.103713 -0.053871 -0.173517 -0.107488 0.085904 0.236326 
#### End of iteration: 53 ####
t= 0.843750
U points:
0.238614 0.070865 -0.171499 -0.335955 -0.329736 -0.114980 0.193033 0.445823 0.622597 0.700272 0.629807 0.495132 0.401062 0.299255 0.154994 0.073685 0.089566 0.075705 -0.013856 -0.049407 0.027717 0.082095 0.005541 -0.095816 -0.060984 0.074743 0.132378 0.016556 -0.144344 -0.158330 -0.002254 0.192626 
#### End of iteration: 54 ####
t= 0.859375
U points:
0.248491 0.162252 -0.064377 -0.278090 -0.363144 -0.233094 0.051675 0.329796 0.546269 0.683723 0.672503 0.551956 0.449588 0.359377 0.216294 0.097624 0.088863 0.097231 0.020890 -0.051392 -0.005640 0.078119 0.046966 -0.069289 -0.094167 0.021267 0.132207 0.079861 -0.089405 -0.176853 -0.084375 0.119782 
#### End of iteration: 55 ####
t= 0.875000
U points:
0.218556 0.223858 0.043634 -0.190205 -0.352396 -0.319088 -0.084632 0.200858 0.447073 0.637050 0.693479 0.604831 0.497394 0.415291 0.284153 0.137650 0.091891 0.109775 0.058240 -0.036326 -0.034149 0.057199 0.076558 -0.028158 -0.104843 -0.034204 0.104539 0.123842 -0.020499 -0.161355 -0.146361 0.031252 
#### End of iteration: 56 ####
t= 0.890625
U points:
0.155334 0.248044 0.138010 -0.084676 -0.300587 -0.364890 -0.204487 0.066801 0.330174 0.561333 0.686991 0.647789 0.544000 0.465793 0.353355 0.193047 0.104717 0.115178 0.092075 -0.006548 -0.050217 0.025332 0.088288 0.017864 -0.091569 -0.079646 0.056331 0.140630 0.048402 -0.116466 -0.178180 -0.057314 
#### End of iteration: 57 ####
t= 0.906250
U points:
0.070471 0.232875 0.206394 0.024119 -0.215713 -0.366631 -0.297099 -0.063266 0.202258 0.460315 0.649521 0.673977 0.587472 0.510663 0.419035 0.260446 0.132073 0.117991 0.118067 0.032692 -0.049074 -0.008941 0.080541 0.058407 -0.058196 -0.105626 -0.001468 0.128116 0.103913 -0.052106 -0.175557 -0.130759 
#### End of iteration: 58 ####
t= 0.921875
U points:
-0.021205 0.182402 0.240347 0.121697 -0.109767 -0.325438 -0.353700 -0.179585 0.071144 0.340080 0.580504 0.676717 0.624153 0.550072 0.477444 0.334494 0.176216 0.124394 0.134784 0.074684 -0.029727 -0.036534 0.056372 0.084810 -0.012817 -0.107230 -0.056316 0.090180 0.135818 0.018536 -0.140611 -0.177010 
#### End of iteration: 59 ####
t= 0.937500
U points:
-0.104158 0.106012 0.236560 0.195434 0.002759 -0.247584 -0.368880 -0.272648 -0.054675 0.208499 0.482655 0.650717 0.648851 0.583831 0.526326 0.408904 0.236326 0.140700 0.144066 0.113000 0.005016 -0.049871 0.022701 0.092046 0.034170 -0.084953 -0.096739 0.035703 0.138964 0.081607 -0.081305 -0.189128 
#### End of iteration: 60 ####
t= 0.953125
U points:
-0.164752 0.016919 0.197326 0.236316 0.106794 -0.143898 -0.341621 -0.334278 -0.166591 0.074509 0.361837 0.593186 0.655512 0.610708 0.564825 0.477589 0.308588 0.171802 0.150580 0.143141 0.049426 -0.044516 -0.011344 0.079769 0.072470 -0.044410 -0.114693 -0.023395 0.114109 0.125261 -0.009829 -0.166432 
#### End of iteration: 61 ####
t= 0.968750
U points:
-0.193538 -0.069981 0.130161 0.240197 0.188753 -0.028480 -0.275813 -0.358754 -0.256522 -0.052652 0.226495 0.504652 0.638267 0.628041 0.592996 0.535643 0.386884 0.219928 0.160662 0.163652 0.096396 -0.020014 -0.036522 0.052288 0.094201 0.005062 -0.107139 -0.074695 0.067578 0.141888 0.059779 -0.114504 
#### End of iteration: 62 ####
t= 0.984375
U points:
-0.186816 -0.140542 0.046626 0.208353 0.238432 0.083144 -0.180108 -0.343814 -0.317637 -0.164212 0.086751 0.389301 0.592680 0.631808 0.611064 0.579905 0.463934 0.283975 0.180732 0.176463 0.139260 0.020225 -0.045532 0.017499 0.095616 0.052576 -0.076511 -0.107838 0.009813 0.129473 0.114333 -0.044045 
#### End of iteration: 63 ####
t= 1.000000
U points:
-0.147192 -0.183693 -0.039503 0.147245 0.250450 0.176148 -0.067055 -0.291342 -0.345111 -0.252551 -0.046695 0.254747 0.516923 0.617179 0.618688 0.609047 0.532595 0.359570 0.215658 0.186383 0.173453 0.069947 -0.034544 -0.014961 0.077862 0.088144 -0.030008 -0.116592 -0.046871 0.091819 0.143987 0.031181 
#### End of iteration: 64 ####
t= 1.015625
U points:
-0.083010 -0.193247 -0.114427 0.067481 0.224981 0.238522 0.048421 -0.207575 -0.336833 -0.311797 -0.163702 0.111272 0.412633 0.579501 0.614462 0.623171 0.587012 0.439817 0.267437 0.199854 0.197598 0.121695 -0.003879 -0.035886 0.046632 0.104879 0.022111 -0.099998 -0.090837 0.037623 0.144040 0.096957 
#### End of iteration: 65 ####
t= 1.031250
U points:
-0.006769 -0.168883 -0.166525 -0.017846 0.167665 0.262818 0.151001 -0.102701 -0.293961 -0.338306 -0.255715 -0.029373 0.285246 0.515507 0.595832 0.623099 0.623376 0.516539 0.334513 0.223288 0.213777 0.168684 0.042291 -0.038505 0.010824 0.100460 0.068848 -0.062375 -0.113479 -0.021410 0.115716 0.141275 
#### End of iteration: 66 ####
t= 1.046875
U points:
0.067208 -0.116121 -0.188209 -0.095215 0.088680 0.247245 0.227136 0.010167 -0.221185 -0.331020 -0.316558 -0.155390 0.143691 0.424478 0.559511 0.609575 0.640141 0.581724 0.411857 0.261367 0.226927 0.206435 0.097126 -0.019876 -0.019479 0.077569 0.100889 -0.012217 -0.110877 -0.073001 0.065779 0.156550 
#### End of iteration: 67 ####
t= 1.062500
U points:
0.125419 -0.045272 -0.177111 -0.152793 0.001121 0.195912 0.267057 0.116570 -0.126595 -0.291673 -0.342939 -0.256369 -0.000534 0.309104 0.502340 0.582652 0.637711 0.628840 0.491793 0.315702 0.243512 0.233791 0.152870 0.018646 -0.035233 0.043227 0.112603 0.039761 -0.084433 -0.106795 0.005057 0.140969 
#### End of iteration: 68 ####
t= 1.078125
U points:
0.157650 0.030445 -0.136402 -0.182276 -0.081069 0.118158 0.266280 0.202635 -0.021079 -0.224831 -0.334657 -0.324513 -0.134767 0.175782 0.422400 0.541448 0.617732 0.653742 0.565354 0.384165 0.269781 0.253072 0.202751 0.071930 -0.030364 0.007189 0.103205 0.083011 -0.040383 -0.116402 -0.053794 0.098716 
#### End of iteration: 69 ####
t= 1.093750
U points:
0.158817 0.097302 -0.074164 -0.180149 -0.145295 0.027056 0.226347 0.257077 0.082770 -0.137691 -0.294513 -0.355493 -0.246855 0.034256 0.320121 0.484398 0.582235 0.654997 0.623869 0.461042 0.310046 0.269351 0.242564 0.132436 -0.002974 -0.020205 0.076843 0.109426 0.011691 -0.100568 -0.098864 0.039037 
#### End of iteration: 70 ####
t= 1.109375
U points:
0.129826 0.143532 -0.001940 -0.148161 -0.182258 -0.062677 0.154629 0.272949 0.172132 -0.039616 -0.227996 -0.348827 -0.326788 -0.103421 0.199092 0.409956 0.532880 0.633621 0.660415 0.537950 0.365363 0.289018 0.271563 0.192078 0.044419 -0.030264 0.041617 0.115055 0.061027 -0.063264 -0.121342 -0.025659 
#### End of iteration: 71 ####
t= 1.125000
U points:
0.077292 0.161433 0.067321 -0.092926 -0.187364 -0.137029 0.063201 0.248826 0.235659 0.058632 -0.142777 -0.307775 -0.368057 -0.224434 0.066328 0.317578 0.470563 0.592354 0.670831 0.605322 0.432935 0.317995 0.292466 0.244139 0.105640 -0.017740 0.007778 0.100872 0.098035 -0.012680 -0.117212 -0.082296 
#### End of iteration: 72 ####
t= 1.140625
U points:
0.012176 0.148712 0.121547 -0.024716 -0.161338 -0.184914 -0.033066 0.189170 0.265142 0.145938 -0.048051 -0.238820 -0.368496 -0.317020 -0.068143 0.208740 0.395471 0.534708 0.654122 0.654107 0.506362 0.360008 0.310572 0.284776 0.172403 0.018165 -0.014497 0.072483 0.116354 0.040641 -0.087921 -0.119706 
#### End of iteration: 73 ####
t= 1.156250
U points:
-0.052389 0.108823 0.151657 0.044337 -0.109967 -0.199898 -0.118886 0.103779 0.256872 0.212083 0.046228 -0.150821 -0.330497 -0.372222 -0.192373 0.087681 0.307619 0.464082 0.612202 0.677328 0.576698 0.415351 0.332215 0.313764 0.236276 0.073816 -0.017253 0.038837 0.114162 0.086126 -0.039926 -0.130795 
#### End of iteration: 74 ####
t= 1.171875
U points:
-0.103670 0.050229 0.153131 0.102353 -0.043002 -0.181129 -0.181028 0.006339 0.212415 0.249069 0.130211 -0.054003 -0.260600 -0.385276 -0.294115 -0.038363 0.207686 0.383177 0.549120 0.671166 0.634044 0.480400 0.362923 0.334327 0.290583 0.142114 0.003643 0.010264 0.094499 0.115453 0.016796 -0.113849 
#### End of iteration: 75 ####
t= 1.187500
U points:
-0.131787 -0.015262 0.126746 0.139736 0.027578 -0.133337 -0.210445 -0.087703 0.138625 0.252311 0.195068 0.041115 -0.168535 -0.356381 -0.362685 -0.159606 0.097930 0.293873 0.470005 0.635375 0.669352 0.548032 0.405733 0.352079 0.331816 0.214204 0.047767 -0.003742 0.064532 0.124310 0.070938 -0.072734 
#### End of iteration: 76 ####
t= 1.203125
U points:
-0.131575 -0.074775 0.078356 0.150788 0.089645 -0.065888 -0.203705 -0.163613 0.046802 0.221504 0.233907 0.124726 -0.065915 -0.290718 -0.390738 -0.264807 -0.017139 0.197582 0.380023 0.572996 0.676039 0.608818 0.460044 0.373365 0.360226 0.281476 0.110410 0.003511 0.033961 0.113271 0.112295 -0.015965 
#### End of iteration: 77 ####
t= 1.218750
U points:
-0.103480 -0.116825 0.017739 0.134631 0.132988 0.008925 -0.163462 -0.209786 -0.048916 0.160955 0.242604 0.188618 0.035228 -0.197729 -0.375605 -0.342894 -0.130548 0.095942 0.283620 0.489502 0.651075 0.652760 0.521312 0.403378 0.379465 0.337420 0.183769 0.034593 0.012916 0.087613 0.133934 0.045167 
#### End of iteration: 78 ####
t= 1.234375
U points:
-0.053339 -0.133476 -0.043259 0.095264 0.151009 0.078054 -0.097890 -0.219656 -0.133715 0.079254 0.220441 0.226873 0.123842 -0.089772 -0.319930 -0.384799 -0.233289 -0.008380 0.184214 0.391615 0.595349 0.671169 0.581642 0.444515 0.395386 0.378901 0.258739 0.087561 0.009808 0.056138 0.133629 0.099008 
#### End of iteration: 79 ####
t= 1.250000
U points:
0.008937 -0.121784 -0.092947 0.040755 0.141761 0.129952 -0.019166 -0.192780 -0.194473 -0.011753 0.170419 0.236374 0.191015 0.019588 -0.231465 -0.385168 -0.315389 -0.111059 0.084378 0.286118 0.513298 0.658292 0.631171 0.495361 0.414284 0.406573 0.326906 0.156544 0.029605 0.029258 0.114304 0.136000 
#### End of iteration: 80 ####
t= 1.265625
U points:
0.071470 -0.084254 -0.121951 -0.018282 0.108161 0.156522 0.058711 -0.134876 -0.221946 -0.098591 0.099141 0.217086 0.230787 0.117394 -0.122057 -0.343581 -0.367451 -0.205905 -0.013601 0.178934 0.411914 0.612345 0.659935 0.550553 0.441011 0.424347 0.382265 0.233135 0.072885 0.016771 0.083363 0.150671 
#### End of iteration: 81 ####
t= 1.281250
U points:
0.122909 -0.028211 -0.124921 -0.070640 0.057343 0.154413 0.122396 -0.056777 -0.212351 -0.168176 0.016192 0.172084 0.240573 0.192921 -0.005972 -0.265019 -0.382395 -0.285245 -0.107008 0.074666 0.299424 0.535777 0.659819 0.601568 0.477400 0.438078 0.422292 0.308263 0.135845 0.025810 0.051091 0.142759 
#### End of iteration: 82 ####
t= 1.296875
U points:
0.154778 0.035765 -0.101446 -0.106560 -0.000707 0.125455 0.161506 0.027490 -0.168064 -0.209903 -0.066979 0.107322 0.221194 0.238882 0.102140 -0.159429 -0.357031 -0.340892 -0.192109 -0.023354 0.183949 0.434727 0.626166 0.638278 0.521399 0.453769 0.448130 0.374098 0.211246 0.059396 0.028466 0.117227 
#### End of iteration: 83 ####
t= 1.312500
U points:
0.163217 0.096052 -0.056012 -0.119462 -0.054997 0.076176 0.170373 0.103205 -0.097255 -0.217441 -0.138568 0.031089 0.176582 0.252090 0.189290 -0.040446 -0.293122 -0.365558 -0.263918 -0.112605 0.072449 0.317858 0.558726 0.650938 0.567101 0.475735 0.463887 0.425561 0.290036 0.115886 0.024846 0.083193 
#### End of iteration: 84 ####
t= 1.328125
U points:
0.149759 0.142366 0.002991 -0.107076 -0.095504 0.016498 0.148910 0.157552 -0.012505 -0.189912 -0.188135 -0.046825 0.113222 0.233524 0.245895 0.076538 -0.197643 -0.354427 -0.316507 -0.190720 -0.029843 0.194858 0.461753 0.632177 0.605713 0.505173 0.475215 0.461118 0.363287 0.189426 0.046029 0.051999 
#### End of iteration: 85 ####
t= 1.343750
U points:
0.120975 0.167869 0.065003 -0.071737 -0.114925 -0.042134 0.102468 0.181862 0.071384 -0.132170 -0.208266 -0.116230 0.039398 0.187871 0.266922 0.176629 -0.082151 -0.306540 -0.343836 -0.254897 -0.119448 0.074942 0.343266 0.578567 0.627237 0.539471 0.487533 0.482679 0.423990 0.271261 0.093087 0.034826 
#### End of iteration: 86 ####
t= 1.359375
U points:
0.087092 0.170547 0.119451 -0.019816 -0.109905 -0.088833 0.040716 0.173080 0.139990 -0.054115 -0.195879 -0.167806 -0.035686 0.122657 0.252320 0.247610 0.038707 -0.225650 -0.340993 -0.301630 -0.194215 -0.034319 0.213668 0.491454 0.622525 0.572434 0.504331 0.494671 0.468309 0.351618 0.162206 0.040368 
#### End of iteration: 87 ####
t= 1.375000
U points:
0.059850 0.153598 0.157877 0.039606 -0.081497 -0.115191 -0.024223 0.134208 0.181835 0.030924 -0.152923 -0.194406 -0.102867 0.047145 0.206690 0.281678 0.149297 -0.120284 -0.305561 -0.326911 -0.252662 -0.127636 0.084043 0.376876 0.585250 0.595404 0.525940 0.502521 0.496040 0.421698 0.245548 0.073040 
#### End of iteration: 88 ####
t= 1.390625
U points:
0.050065 0.124755 0.175635 0.096570 -0.034814 -0.116689 -0.080041 0.073629 0.190418 0.108447 -0.086270 -0.192177 -0.153993 -0.028858 0.138326 0.276453 0.235353 -0.002924 -0.238769 -0.326919 -0.293332 -0.202043 -0.035503 0.244618 0.513382 0.599021 0.549100 0.510926 0.510168 0.475367 0.332911 0.132092 
#### End of iteration: 89 ####
t= 1.406250
U points:
0.065386 0.094681 0.172811 0.142216 0.022074 -0.093349 -0.116464 0.003463 0.165347 0.165327 -0.006764 -0.161324 -0.182848 -0.096120 0.057817 0.235110 0.286165 0.111625 -0.146123 -0.299073 -0.314444 -0.256435 -0.137122 0.106618 0.409859 0.575259 0.567421 0.522327 0.515689 0.510143 0.413833 0.211801 
#### End of iteration: 90 ####
t= 1.421875
U points:
0.108725 0.074760 0.154186 0.170522 0.079766 -0.049534 -0.127043 -0.062726 0.112353 0.192150 0.072477 -0.106317 -0.185936 -0.146952 -0.023534 0.165646 0.296211 0.208407 -0.037265 -0.243181 -0.313965 -0.290829 -0.215902 -0.024918 0.282315 0.519294 0.572645 0.535975 0.517962 0.527306 0.479642 0.302667 
#### End of iteration: 91 ####
t= 1.437500
U points:
0.177653 0.074748 0.128250 0.179480 0.129378 0.007051 -0.110173 -0.112453 0.042174 0.184935 0.138246 -0.035438 -0.163022 -0.175945 -0.095233 0.079453 0.265940 0.274662 0.075003 -0.162371 -0.290154 -0.305603 -0.269886 -0.139317 0.141941 0.430796 0.556467 0.547799 0.521021 0.531111 0.525032 0.393362 
#### End of iteration: 92 ####
t= 1.453125
U points:
0.264899 0.100761 0.105463 0.171463 0.164255 0.066951 -0.069174 -0.136556 -0.031480 0.145874 0.179546 0.040334 -0.117322 -0.180449 -0.148852 -0.010538 0.201573 0.301898 0.176435 -0.063507 -0.242433 -0.301001 -0.299531 -0.228797 0.001718 0.314375 0.512476 0.551158 0.526250 0.527331 0.548814 0.472972 
#### End of iteration: 93 ####
t= 1.468750
U points:
0.359806 0.153992 0.096119 0.152731 0.181227 0.120830 -0.011456 -0.130777 -0.094490 0.082954 0.189586 0.108974 -0.055259 -0.160784 -0.178889 -0.091811 0.113984 0.287312 0.253509 0.043138 -0.172351 -0.277043 -0.306827 -0.289156 -0.125594 0.179085 0.437827 0.538284 0.531749 0.521473 0.553696 0.533066 
#### End of iteration: 94 ####
t= 1.484375
U points:
0.450436 0.230439 0.108227 0.132164 0.181179 0.161268 0.053068 -0.096365 -0.134938 0.008491 0.167086 0.159370 0.014258 -0.120168 -0.183183 -0.154000 0.016868 0.234267 0.295666 0.144970 -0.084335 -0.233894 -0.294375 -0.319751 -0.229325 0.037093 0.334254 0.502127 0.532561 0.517115 0.545191 0.569144 
#### End of iteration: 95 ####
t= 1.500000
U points:
0.525866 0.321658 0.145856 0.119463 0.168821 0.184141 0.113980 -0.039625 -0.145257 -0.063142 0.116613 0.183246 0.080993 -0.064362 -0.162887 -0.190168 -0.075463 0.151741 0.297168 0.228828 0.014057 -0.172572 -0.264685 -0.322839 -0.302263 -0.098208 0.208205 0.438189 0.521727 0.514762 0.529906 0.581159 
#### End of iteration: 96 ####
t= 1.515625
U points:
0.578181 0.416394 0.208247 0.123189 0.151724 0.189337 0.162400 0.029485 -0.123526 -0.118179 0.047857 0.176706 0.134856 -0.001034 -0.122078 -0.197463 -0.150266 0.052843 0.258221 0.283087 0.112575 -0.095754 -0.219892 -0.302559 -0.341301 -0.214258 0.070064 0.345920 0.491936 0.511511 0.513640 0.573046 
#### End of iteration: 97 ####
t= 1.531250
U points:
0.603753 0.502730 0.289889 0.149014 0.138792 0.180687 0.192656 0.099415 -0.073651 -0.146003 -0.026072 0.141085 0.167497 0.061126 -0.067094 -0.177149 -0.198176 -0.047346 0.185098 0.299731 0.199418 -0.008404 -0.161929 -0.263814 -0.347325 -0.301162 -0.067378 0.229379 0.437415 0.501614 0.499743 0.551367 
#### End of iteration: 98 ####
t= 1.546875
U points:
0.603561 0.570296 0.381519 0.198529 0.138484 0.165132 0.203291 0.159333 -0.004432 -0.141080 -0.091005 0.082898 0.173743 0.113493 -0.005681 -0.134056 -0.214371 -0.134192 0.089214 0.275951 0.262959 0.082055 -0.093051 -0.211374 -0.324443 -0.352968 -0.190905 0.096987 0.355624 0.477833 0.488130 0.523433 
#### End of iteration: 99 ####
t= 1.562500
U points:
0.582496 0.612092 0.471836 0.268831 0.157115 0.151302 0.197222 0.201218 0.072298 -0.103899 -0.134319 0.012843 0.152631 0.148676 0.053943 -0.075621 -0.198945 -0.195786 -0.014698 0.214927 0.293736 0.166202 -0.016521 -0.149376 -0.278817 -0.368171 -0.288909 -0.039587 0.248366 0.433294 0.475203 0.495326 
#### End of iteration: 100 ####
t= 1.578125
U points:
0.547853 0.625541 0.549577 0.352989 0.197562 0.147787 0.181044 0.221348 0.144081 -0.040752 -0.147268 -0.056005 0.107790 0.161628 0.104048 -0.010691 -0.156502 -0.224673 -0.110986 0.125588 0.286311 0.233719 0.062850 -0.081295 -0.217395 -0.349450 -0.353088 -0.167188 0.122061 0.363415 0.454700 0.470310 
