Grid configuration:
N: 32.000000, L: 1.000000, h: 0.031250, CFL: 0.500000, dt: 0.015625, nt: 100.000000, c: 1.000000, sigma: 0.062500
Initial condition (U points):
0.000000 0.000000 0.000000 0.000000 0.000000 0.000000 0.000000 0.000000 0.000000 0.000005 0.000123 0.001930 0.018316 0.105399 0.367879 0.778801 1.000000 0.778801 0.367879 0.105399 0.018316 0.001930 0.000123 0.000005 0.000000 0.000000 0.000000 0.000000 0.000000 0.000000 0.000000 0.000000 
#### End of iteration: 0 ####
t= 0.015625
U points:
0.000000 0.000000 0.000000 -0.000000 -0.000000 0.000000 0.000000 0.000000 0.000001 0.000017 0.000145 0.001103 0.006917 0.043262 0.204998 0.578539 0.947856 0.929622 0.563065 0.213833 0.049706 0.006021 -0.000036 -0.000127 -0.000015 0.000000 0.000000 0.000000 -0.000000 -0.000000 0.000000 0.000000 
#### End of iteration: 1 ####
t= 0.031250
U points:
0.000000 -0.000000 0.000000 -0.000000 0.000000 0.000000 -0.000000 0.000001 -0.000000 0.000016 0.000085 0.000592 0.004005 0.016511 0.092743 0.371919 0.803929 0.995281 0.757163 0.368312 0.114100 0.020193 0.000736 -0.000550 -0.000126 -0.000005 0.000002 0.000000 -0.000000 -0.000000 -0.000000 0.000000 
#### End of iteration: 2 ####
t= 0.046875
U points:
0.000000 -0.000000 -0.000000 0.000000 -0.000000 0.000000 -0.000000 0.000001 0.000001 -0.000005 0.000128 0.000042 0.002518 0.009688 0.032501 0.196824 0.601525 0.958438 0.909823 0.553670 0.220714 0.054699 0.005926 -0.001022 -0.000505 -0.000067 0.000005 0.000003 0.000000 -0.000000 -0.000000 -0.000000 
#### End of iteration: 3 ####
t= 0.062500
U points:
0.000000 0.000000 -0.000000 0.000000 -0.000000 0.000000 0.000000 -0.000003 0.000019 -0.000060 0.000186 0.000017 0.000244 0.009043 0.012133 0.076356 0.384737 0.825817 0.984921 0.740707 0.369442 0.120724 0.022210 -0.000022 -0.001239 -0.000318 -0.000018 0.000009 0.000002 0.000000 -0.000000 -0.000000 
#### End of iteration: 4 ####
t= 0.078125
U points:
-0.000000 0.000000 -0.000000 0.000000 0.000000 -0.000001 0.000005 -0.000017 0.000047 -0.000077 0.000014 0.000701 -0.001853 0.006563 0.013081 0.014821 0.195551 0.626601 0.961652 0.892279 0.547145 0.226101 0.058984 0.006220 -0.001844 -0.000932 -0.000151 0.000009 0.000009 0.000001 -0.000000 -0.000000 
#### End of iteration: 5 ####
t= 0.093750
U points:
-0.000000 0.000000 0.000000 -0.000000 0.000001 -0.000005 0.000014 -0.000031 0.000038 0.000058 -0.000467 0.001511 -0.002074 0.000726 0.018102 0.000112 0.062512 0.403915 0.841598 0.973163 0.727781 0.370514 0.126166 0.024241 -0.000499 -0.001896 -0.000553 -0.000044 0.000018 0.000006 0.000000 -0.000000 
#### End of iteration: 6 ####
t= 0.109375
U points:
-0.000000 -0.000000 0.000000 -0.000001 0.000004 -0.000011 0.000020 -0.000014 -0.000071 0.000372 -0.000985 0.001527 0.000110 -0.005575 0.016808 0.010931 -0.005463 0.202264 0.649151 0.960671 0.877182 0.542089 0.230511 0.062788 0.006733 -0.002525 -0.001376 -0.000262 0.000009 0.000017 0.000003 -0.000000 
#### End of iteration: 7 ####
t= 0.125000
U points:
-0.000000 -0.000001 0.000001 -0.000004 0.000008 -0.000012 0.000001 0.000073 -0.000293 0.000712 -0.001046 0.000239 0.003475 -0.008430 0.007375 0.025772 -0.018471 0.055132 0.424905 0.852386 0.961593 0.717152 0.371433 0.130819 0.026236 -0.000779 -0.002505 -0.000816 -0.000086 0.000027 0.000012 0.000001 
#### End of iteration: 8 ####
t= 0.140625
U points:
0.000001 -0.000002 0.000003 -0.000006 0.000007 0.000007 -0.000069 0.000236 -0.000533 0.000777 -0.000290 -0.001960 0.005791 -0.005879 -0.005488 0.030265 0.000929 -0.023195 0.214079 0.668157 0.957520 0.864066 0.537919 0.234239 0.066227 0.007378 -0.003087 -0.001820 -0.000398 0.000002 0.000026 0.000007 
#### End of iteration: 9 ####
t= 0.156250
U points:
0.000004 -0.000003 0.000004 -0.000004 -0.000011 0.000063 -0.000193 0.000413 -0.000598 0.000305 0.001175 -0.003887 0.005228 0.000839 -0.014821 0.020508 0.027353 -0.039130 0.053810 0.445317 0.859650 0.950656 0.708114 0.372206 0.134895 0.028174 -0.000912 -0.003064 -0.001096 -0.000142 0.000034 0.000019 
#### End of iteration: 10 ####
t= 0.171875
U points:
0.000014 -0.000002 0.000001 0.000013 -0.000057 0.000160 -0.000328 0.000474 -0.000295 -0.000708 0.002697 -0.004227 0.001538 0.008036 -0.015763 0.001786 0.041624 -0.014613 -0.036512 0.228454 0.683910 0.953248 0.852508 0.534342 0.237460 0.069373 0.008108 -0.003548 -0.002256 -0.000552 -0.000012 0.000036 
#### End of iteration: 11 ####
t= 0.187500
U points:
0.000030 0.000007 -0.000014 0.000051 -0.000134 0.000267 -0.000385 0.000276 0.000424 -0.001903 0.003365 -0.002344 -0.003688 0.011663 -0.008063 -0.016094 0.036080 0.022423 -0.058793 0.056981 0.464253 0.864460 0.940445 0.700243 0.372854 0.138529 0.030048 -0.000935 -0.003573 -0.001388 -0.000212 0.000036 
#### End of iteration: 12 ####
t= 0.203125
U points:
0.000045 0.000031 -0.000044 0.000113 -0.000220 0.000318 -0.000253 -0.000245 0.001361 -0.002657 0.002510 0.001222 -0.007802 0.009516 0.004056 -0.024460 0.014751 0.048237 -0.032827 -0.045420 0.243829 0.696956 0.948404 0.842190 0.531192 0.240290 0.072277 0.008894 -0.003924 -0.002679 -0.000719 -0.000037 
#### End of iteration: 13 ####
t= 0.218750
U points:
0.000025 0.000079 -0.000088 0.000184 -0.000268 0.000231 0.000129 -0.000982 0.002096 -0.002389 0.000163 0.004895 -0.008494 0.002397 0.014286 -0.019949 -0.010938 0.050525 0.012462 -0.076057 0.063212 0.481477 0.867533 0.930935 0.693263 0.373398 0.141808 0.031857 -0.000870 -0.004036 -0.001682 -0.000293 
#### End of iteration: 14 ####
t= 0.234375
U points:
-0.000103 0.000139 -0.000131 0.000231 -0.000210 -0.000055 0.000713 -0.001654 0.002155 -0.000903 -0.002821 0.006797 -0.005058 -0.006291 0.017472 -0.005646 -0.028664 0.030459 0.049715 -0.051654 -0.050549 0.259327 0.707804 0.943293 0.832877 0.528367 0.242809 0.074976 0.009715 -0.004228 -0.003087 -0.000887 
#### End of iteration: 15 ####
t= 0.250000
U points:
-0.000462 0.000168 -0.000148 0.000204 0.000005 -0.000519 0.001308 -0.001889 0.001263 0.001397 -0.005080 0.005717 0.001145 -0.012269 0.012098 0.010912 -0.031005 -0.000548 0.061926 -0.000794 -0.090494 0.071434 0.497021 0.869355 0.922068 0.686987 0.373855 0.144795 0.033602 -0.000734 -0.004466 -0.001946 
#### End of iteration: 16 ####
t= 0.265625
U points:
-0.001203 0.000065 -0.000110 0.000060 0.000382 -0.001037 0.001628 -0.001400 -0.000446 0.003591 -0.005381 0.001814 0.007268 -0.012520 0.000877 0.021615 -0.018303 -0.027490 0.046428 0.046704 -0.069859 -0.052636 0.274478 0.716874 0.938085 0.824393 0.525798 0.245074 0.077495 0.010569 -0.004500 -0.003407 
#### End of iteration: 17 ####
t= 0.281250
U points:
-0.002421 -0.000335 -0.000022 -0.000213 0.000840 -0.001388 0.001409 -0.000170 -0.002391 0.004619 -0.003274 -0.003333 0.010340 -0.006784 -0.010708 0.021615 0.002255 -0.038828 0.013158 0.069619 -0.015911 -0.102150 0.080897 0.511017 0.870259 0.913781 0.681282 0.374242 0.147529 0.035311 -0.000605 -0.004731 
#### End of iteration: 18 ####
t= 0.296875
U points:
-0.003981 -0.001219 0.000042 -0.000584 0.001220 -0.001340 0.000553 0.001462 -0.003735 0.003788 0.000575 -0.007394 0.008722 0.002302 -0.017112 0.011368 0.020502 -0.031139 -0.021495 0.061056 0.040159 -0.086780 -0.052339 0.289037 0.724498 0.932881 0.816600 0.523446 0.247102 0.079917 0.011325 -0.004530 
#### End of iteration: 19 ####
t= 0.312500
U points:
-0.005242 -0.002697 -0.000084 -0.000981 0.001318 -0.000753 -0.000766 0.002877 -0.003747 0.001182 0.004584 -0.008371 0.002963 0.010468 -0.015370 -0.003884 0.028125 -0.009745 -0.042462 0.028414 0.073648 -0.031843 -0.111268 0.091085 0.523621 0.870480 0.906005 0.676073 0.374518 0.150154 0.036794 -0.000188 
#### End of iteration: 20 ####
t= 0.328125
U points:
-0.004713 -0.004599 -0.000640 -0.001340 0.000965 0.000312 -0.002106 0.003406 -0.002180 -0.002269 0.006924 -0.005591 -0.004395 0.013848 -0.006418 -0.016811 0.022267 0.014470 -0.042200 -0.011803 0.073481 0.031013 -0.102114 -0.050205 0.302888 0.730947 0.927719 0.809444 0.521177 0.249100 0.081982 0.012349 
#### End of iteration: 21 ####
t= 0.343750
U points:
0.000277 -0.006184 -0.001828 -0.001656 0.000096 0.001552 -0.002898 0.002645 0.000528 -0.005117 0.006373 -0.000110 -0.009971 0.010813 0.005438 -0.021475 0.006414 0.030331 -0.023058 -0.041908 0.043874 0.074389 -0.047873 -0.118153 0.101639 0.535012 0.870141 0.898772 0.671128 0.374940 0.152358 0.038421 
#### End of iteration: 22 ####
t= 0.359375
U points:
0.013728 -0.005811 -0.003583 -0.002025 -0.001212 0.002486 -0.002686 0.000695 0.003354 -0.006024 0.002948 0.005695 -0.011121 0.002738 0.014622 -0.016009 -0.011602 0.031305 0.004721 -0.050409 0.000388 0.083349 0.020058 -0.115757 -0.046687 0.316032 0.736345 0.922775 0.802615 0.519276 0.250748 0.083956 
#### End of iteration: 23 ####
t= 0.375000
U points:
0.040792 -0.000653 -0.005246 -0.002593 -0.002752 0.002602 -0.001364 -0.001793 0.005084 -0.004397 -0.002006 0.009179 -0.007204 -0.006647 0.016907 -0.003290 -0.023420 0.017997 0.028119 -0.036058 -0.037669 0.058619 0.072333 -0.063514 -0.123151 0.112391 0.545204 0.869570 0.891751 0.666716 0.375259 0.154141 
#### End of iteration: 24 ####
t= 0.390625
U points:
0.087069 0.013388 -0.005183 -0.003377 -0.004258 0.001554 0.000688 -0.003831 0.004846 -0.000735 -0.006354 0.008656 0.000085 -0.013001 0.011342 0.010577 -0.023947 -0.002654 0.037170 -0.007321 -0.055360 0.014029 0.090602 0.007968 -0.127802 -0.042009 0.328285 0.741118 0.917762 0.796308 0.517693 0.251602 
#### End of iteration: 25 ####
t= 0.406250
U points:
0.157363 0.041424 -0.000481 -0.003936 -0.005460 -0.000677 0.002662 -0.004500 0.002554 0.003505 -0.008108 0.004217 0.007461 -0.013390 0.000623 0.019173 -0.013480 -0.020895 0.028989 0.022075 -0.047635 -0.030432 0.072047 0.068050 -0.078580 -0.126378 0.122940 0.554614 0.868599 0.884970 0.663144 0.374451 
#### End of iteration: 26 ####
t= 0.421875
U points:
0.253988 0.088836 0.013120 -0.002937 -0.006050 -0.003718 0.003580 -0.003389 -0.000979 0.006497 -0.006349 -0.002250 0.011549 -0.007641 -0.010233 0.018716 0.002716 -0.028661 0.008452 0.039377 -0.020370 -0.057048 0.028217 0.095471 -0.004923 -0.138114 -0.036707 0.339922 0.745292 0.912430 0.791332 0.514780 
#### End of iteration: 27 ####
t= 0.437500
U points:
0.374967 0.160047 0.040911 0.002243 -0.005493 -0.006841 0.002675 -0.000868 -0.004331 0.006852 -0.001700 -0.007874 0.010440 0.001596 -0.016236 0.009686 0.017023 -0.023051 -0.014500 0.038092 0.013063 -0.057074 -0.021015 0.083979 0.061806 -0.092644 -0.128336 0.133303 0.563536 0.866577 0.879827 0.658247 
#### End of iteration: 28 ####
t= 0.453125
U points:
0.512645 0.256929 0.088387 0.015691 -0.002676 -0.009056 -0.000252 0.001956 -0.006071 0.004272 0.003883 -0.010088 0.004584 0.010082 -0.014712 -0.003540 0.023019 -0.007303 -0.029548 0.020226 0.037962 -0.033298 -0.055876 0.042504 0.097943 -0.018002 -0.146953 -0.031106 0.351575 0.747718 0.908727 0.785286 
#### End of iteration: 29 ####
t= 0.468750
U points:
0.653303 0.377161 0.159945 0.042703 0.004528 -0.009161 -0.004614 0.003625 -0.005431 -0.000265 0.007951 -0.007812 -0.003396 0.013940 -0.006482 -0.014803 0.018309 0.010987 -0.030521 -0.005226 0.044482 0.002149 -0.064235 -0.009870 0.094045 0.054165 -0.105551 -0.129730 0.144501 0.570303 0.865801 0.874105 
#### End of iteration: 30 ####
t= 0.484375
U points:
0.778243 0.513020 0.257263 0.088972 0.019568 -0.005649 -0.009018 0.002939 -0.002730 -0.004894 0.008646 -0.001977 -0.009886 0.011434 0.004584 -0.019020 0.005438 0.023477 -0.017827 -0.026641 0.031329 0.033501 -0.045546 -0.052020 0.056267 0.098253 -0.030601 -0.155392 -0.023775 0.361166 0.750684 0.905102 
#### End of iteration: 31 ####
t= 0.500000
U points:
0.866539 0.651107 0.377719 0.159214 0.047176 0.003524 -0.011430 -0.000425 0.000666 -0.007685 0.005550 0.004859 -0.011929 0.003743 0.013391 -0.014457 -0.009464 0.024829 0.002119 -0.034938 0.005637 0.048051 -0.010007 -0.068877 0.002417 0.101908 0.046291 -0.118696 -0.128765 0.154310 0.576728 0.865805 
#### End of iteration: 32 ####
t= 0.515625
U points:
0.899140 0.773431 0.513300 0.255437 0.092757 0.021232 -0.009384 -0.005512 0.002886 -0.007545 -0.000105 0.009641 -0.008572 -0.005598 0.015961 -0.003417 -0.019579 0.014939 0.020066 -0.027326 -0.020659 0.041086 0.026404 -0.056561 -0.045667 0.068495 0.097945 -0.044362 -0.161435 -0.016690 0.369579 0.755022 
#### End of iteration: 33 ####
t= 0.531250
U points:
0.863530 0.859991 0.650486 0.375239 0.161130 0.051293 -0.000133 -0.010033 0.002436 -0.004770 -0.005977 0.010180 -0.001309 -0.012324 0.011227 0.008922 -0.020496 -0.001264 0.028143 -0.008112 -0.036200 0.017205 0.048761 -0.022859 -0.070494 0.014230 0.109318 0.036422 -0.130157 -0.126715 0.162373 0.584866 
#### End of iteration: 34 ####
t= 0.546875
U points:
0.757758 0.892580 0.771456 0.510658 0.254787 0.098173 0.019318 -0.010647 -0.000918 -0.000954 -0.009679 0.006131 0.006585 -0.013390 0.001460 0.016928 -0.012109 -0.016241 0.023255 0.013593 -0.034984 -0.012280 0.049085 0.016788 -0.065020 -0.038808 0.080948 0.095315 -0.057809 -0.165264 -0.011494 0.379688 
#### End of iteration: 35 ####
t= 0.562500
U points:
0.592581 0.859105 0.856677 0.648063 0.372048 0.166080 0.052231 -0.003454 -0.005590 0.001752 -0.009878 -0.000860 0.011526 -0.008342 -0.008818 0.017077 0.001492 -0.023319 0.008206 0.028100 -0.018578 -0.034516 0.029027 0.045946 -0.034395 -0.071128 0.027148 0.114876 0.025193 -0.138836 -0.126233 0.171726 
#### End of iteration: 36 ####
t= 0.578125
U points:
0.390768 0.757360 0.888590 0.769450 0.505667 0.257472 0.101991 0.015491 -0.008140 0.001809 -0.006907 -0.007918 0.011220 0.000486 -0.014926 0.009492 0.014004 -0.019633 -0.009823 0.029393 0.005020 -0.040581 -0.001525 0.053750 0.007005 -0.072700 -0.030221 0.092818 0.089874 -0.068677 -0.169959 -0.005740 
#### End of iteration: 37 ####
t= 0.593750
U points:
0.183263 0.597118 0.855684 0.855147 0.642505 0.371271 0.171600 0.049765 -0.003798 -0.000601 -0.002553 -0.012253 0.005666 0.009046 -0.014150 -0.002205 0.019818 -0.007254 -0.022654 0.017554 0.025178 -0.028967 -0.029084 0.038798 0.041838 -0.045877 -0.070080 0.041229 0.116903 0.015598 -0.147497 -0.126098 
#### End of iteration: 38 ####
t= 0.609375
U points:
0.002837 0.399653 0.755990 0.887586 0.764674 0.501292 0.262660 0.102257 0.012658 -0.002939 0.000943 -0.012400 -0.002882 0.013398 -0.006948 -0.012619 0.016525 0.007929 -0.024768 -0.001580 0.033348 -0.005744 -0.042361 0.009022 0.056754 -0.003542 -0.079574 -0.018827 0.101481 0.084648 -0.078698 -0.175862 
#### End of iteration: 39 ####
t= 0.625000
U points:
-0.123322 0.194359 0.598974 0.855377 0.852237 0.635566 0.373953 0.174817 0.045928 -0.000443 0.002317 -0.008796 -0.010960 0.011458 0.003298 -0.017067 0.005896 0.018980 -0.015640 -0.019244 0.026621 0.018467 -0.036800 -0.022181 0.047342 0.036549 -0.058055 -0.065308 0.053439 0.117686 0.007408 -0.157949 
#### End of iteration: 40 ####
t= 0.640625
U points:
-0.180139 0.012957 0.405040 0.756708 0.887095 0.757078 0.499995 0.267690 0.099366 0.012985 0.002535 -0.003351 -0.015444 0.003886 0.011836 -0.013683 -0.007035 0.021060 0.000238 -0.027714 0.008683 0.033267 -0.016033 -0.041768 0.019243 0.058892 -0.016390 -0.082956 -0.007336 0.107856 0.080983 -0.090635 
#### End of iteration: 41 ####
t= 0.656250
U points:
-0.168355 -0.117461 0.202367 0.601094 0.857257 0.846173 0.630145 0.378667 0.174388 0.043420 0.005341 0.001839 -0.014854 -0.006266 0.014679 -0.004213 -0.016340 0.013515 0.015540 -0.023644 -0.012118 0.032883 0.010139 -0.042370 -0.014769 0.056044 0.027912 -0.068167 -0.058465 0.063053 0.119770 -0.002294 
#### End of iteration: 42 ####
t= 0.671875
U points:
-0.104193 -0.180786 0.021530 0.408738 0.760421 0.884335 0.748883 0.502096 0.270069 0.095461 0.016801 0.006120 -0.009769 -0.014930 0.010363 0.006828 -0.017900 0.000038 0.023462 -0.009331 -0.026615 0.018374 0.030238 -0.024980 -0.040370 0.030968 0.057714 -0.029386 -0.082949 0.002063 0.114951 0.076660 
#### End of iteration: 43 ####
t= 0.687500
U points:
-0.014820 -0.175827 -0.110993 0.207356 0.605831 0.858608 0.837665 0.628130 0.382785 0.171084 0.043928 0.011539 -0.002106 -0.018761 0.000539 0.014222 -0.011229 -0.013127 0.020720 0.008529 -0.028828 -0.003193 0.036044 0.001958 -0.047570 -0.004797 0.062687 0.016852 -0.074676 -0.052585 0.072661 0.122282 
#### End of iteration: 44 ####
t= 0.703125
U points:
0.069206 -0.116559 -0.178835 0.026906 0.413643 0.765507 0.878276 0.742762 0.505859 0.268967 0.092799 0.023110 0.006439 -0.016386 -0.010789 0.014385 0.000370 -0.020064 0.008873 0.021965 -0.018409 -0.022097 0.025902 0.026485 -0.034513 -0.036221 0.042781 0.052576 -0.039751 -0.082543 0.010785 0.123476 
#### End of iteration: 45 ####
t= 0.718750
U points:
0.122399 -0.028369 -0.179623 -0.106650 0.211666 0.613249 0.857109 0.829112 0.629310 0.384314 0.166733 0.047879 0.016117 -0.008542 -0.019001 0.006939 0.011348 -0.017837 -0.006536 0.025277 -0.000519 -0.030281 0.005075 0.038316 -0.007778 -0.050944 0.007570 0.065147 0.006598 -0.079641 -0.047832 0.084302 
#### End of iteration: 46 ####
t= 0.734375
U points:
0.131181 0.058822 -0.125524 -0.177076 0.030001 0.421437 0.769278 0.870133 0.740020 0.509028 0.265021 0.092987 0.030184 0.002981 -0.020696 -0.005149 0.016427 -0.007750 -0.018587 0.017442 0.016670 -0.024748 -0.016858 0.033074 0.020769 -0.044051 -0.028062 0.051622 0.046200 -0.048003 -0.083387 0.021522 
#### End of iteration: 47 ####
t= 0.750000
U points:
0.097020 0.118691 -0.040084 -0.181557 -0.105259 0.217919 0.621336 0.852380 0.822719 0.632124 0.382479 0.163348 0.054709 0.017122 -0.014751 -0.016843 0.012950 0.005321 -0.022107 0.002372 0.025680 -0.008617 -0.030313 0.013839 0.039135 -0.019620 -0.050044 0.019214 0.064810 -0.001695 -0.085644 -0.041729 
#### End of iteration: 48 ####
t= 0.765625
U points:
0.034903 0.135540 0.047967 -0.131263 -0.177735 0.033353 0.431522 0.770008 0.862051 0.740411 0.509830 0.259661 0.097036 0.035201 -0.002091 -0.023079 0.002058 0.015164 -0.015932 -0.013022 0.022963 0.010519 -0.029824 -0.010503 0.040159 0.011409 -0.050580 -0.018129 0.057121 0.041012 -0.056812 -0.084012 
#### End of iteration: 49 ####
t= 0.781250
U points:
-0.032319 0.108110 0.112326 -0.048458 -0.184387 -0.105324 0.227088 0.627786 0.845633 0.819573 0.634686 0.377353 0.163320 0.061582 0.015714 -0.020586 -0.011772 0.017019 -0.003316 -0.022005 0.010279 0.024101 -0.016214 -0.029286 0.024243 0.036014 -0.030847 -0.045516 0.028139 0.064574 -0.009934 -0.092668 
#### End of iteration: 50 ####
t= 0.796875
U points:
-0.081840 0.049012 0.136013 0.039245 -0.136017 -0.180884 0.039038 0.441976 0.767538 0.855871 0.742902 0.506729 0.255960 0.102866 0.038338 -0.008627 -0.022527 0.009705 0.009620 -0.021013 -0.006318 0.026384 0.004025 -0.034670 -0.001155 0.044483 -0.000015 -0.052934 -0.009385 0.061700 0.036459 -0.067575 
#### End of iteration: 51 ####
t= 0.812500
U points:
-0.098429 -0.020048 0.115541 0.106019 -0.054388 -0.189652 -0.104550 0.238379 0.631260 0.838513 0.820146 0.634204 0.371782 0.165721 0.068099 0.011657 -0.024907 -0.003822 0.016692 -0.011134 -0.019341 0.016829 0.021775 -0.024861 -0.024949 0.034197 0.028856 -0.038846 -0.040316 0.035526 0.065366 -0.020410 
#### End of iteration: 52 ####
t= 0.828125
U points:
-0.079101 -0.075700 0.061088 0.134418 0.033394 -0.142123 -0.184923 0.047611 0.451007 0.762417 0.853645 0.744265 0.501593 0.254051 0.110048 0.038937 -0.015975 -0.017615 0.014435 0.002520 -0.023268 0.000128 0.029343 -0.004640 -0.037205 0.010353 0.044251 -0.010287 -0.053097 -0.002231 0.067405 0.030166 
#### End of iteration: 53 ####
t= 0.843750
U points:
-0.033436 -0.100575 -0.007386 0.119578 0.101795 -0.060059 -0.197021 -0.101426 0.250510 0.630714 0.834130 0.821715 0.631252 0.366492 0.170482 0.073530 0.004520 -0.024981 0.003691 0.013228 -0.016941 -0.016082 0.023748 0.016930 -0.033245 -0.016537 0.040741 0.020422 -0.044002 -0.036230 0.043799 0.065552 
#### End of iteration: 54 ####
t= 0.859375
U points:
0.020441 -0.088722 -0.066868 0.069792 0.133241 0.029206 -0.150503 -0.188232 0.059091 0.456101 0.757894 0.853848 0.743964 0.495163 0.254253 0.118365 0.035226 -0.020775 -0.010629 0.015755 -0.003950 -0.024714 0.007845 0.030527 -0.015395 -0.035218 0.020849 0.040861 -0.018115 -0.053582 0.005294 0.073896 
#### End of iteration: 55 ####
t= 0.875000
U points:
0.062681 -0.046995 -0.098752 0.003280 0.122210 0.099796 -0.067065 -0.205688 -0.094337 0.260179 0.628606 0.832370 0.823174 0.626200 0.361841 0.178407 0.075029 -0.002696 -0.021383 0.008773 0.009125 -0.022380 -0.011135 0.030561 0.008274 -0.038356 -0.006390 0.043467 0.013185 -0.048664 -0.032427 0.054017 
#### End of iteration: 56 ####
t= 0.890625
U points:
0.078843 0.007935 -0.094619 -0.057861 0.075914 0.133725 0.025336 -0.161805 -0.187920 0.070365 0.458315 0.754973 0.855416 0.741980 0.487305 0.258543 0.124643 0.028895 -0.021746 -0.004386 0.015803 -0.010805 -0.024900 0.017429 0.027556 -0.025387 -0.029432 0.028293 0.037072 -0.024875 -0.054948 0.015251 
#### End of iteration: 57 ####
t= 0.906250
U points:
0.064794 0.055822 -0.058505 -0.094680 0.011385 0.125026 0.099774 -0.077570 -0.212317 -0.085316 0.266963 0.626435 0.832594 0.824456 0.617988 0.360625 0.186989 0.072410 -0.007305 -0.016892 0.012743 0.004095 -0.027781 -0.002873 0.034481 -0.002448 -0.039059 0.002567 0.044448 0.007192 -0.054554 -0.026578 
#### End of iteration: 58 ####
t= 0.921875
U points:
0.027681 0.080098 -0.004961 -0.097178 -0.050139 0.080445 0.137158 0.018632 -0.173237 -0.184468 0.079949 0.459006 0.753441 0.858728 0.736273 0.480836 0.265944 0.126863 0.023170 -0.020881 0.001443 0.014995 -0.019158 -0.021533 0.026569 0.020459 -0.032031 -0.022611 0.033364 0.034300 -0.032828 -0.055420 
#### End of iteration: 59 ####
t= 0.937500
U points:
-0.017250 0.073553 0.046364 -0.067074 -0.089844 0.016584 0.130679 0.098523 -0.090124 -0.215904 -0.076220 0.271706 0.624076 0.835982 0.822973 0.608507 0.363799 0.193013 0.068465 -0.010081 -0.012077 0.016609 -0.003592 -0.030820 0.007654 0.033785 -0.012124 -0.036983 0.009417 0.045935 0.000441 -0.061064 
#### End of iteration: 60 ####
t= 0.953125
U points:
-0.052688 0.040471 0.077691 -0.016696 -0.096980 -0.045600 0.086672 0.141255 0.008895 -0.182862 -0.179451 0.088195 0.457683 0.755252 0.861447 0.727065 0.478409 0.273061 0.126618 0.018522 -0.019378 0.008279 0.011365 -0.027393 -0.013996 0.032377 0.011765 -0.035263 -0.016903 0.038338 0.031490 -0.042732 
#### End of iteration: 61 ####
t= 0.968750
U points:
-0.065809 -0.005442 0.079201 0.035580 -0.071788 -0.087282 0.021790 0.138446 0.094452 -0.102600 -0.217407 -0.066847 0.273255 0.623785 0.841326 0.817057 0.601289 0.368819 0.196546 0.064592 -0.012524 -0.005350 0.018695 -0.013599 -0.029373 0.017413 0.029524 -0.019050 -0.034712 0.015664 0.048170 -0.008916 
#### End of iteration: 62 ####
t= 0.984375
U points:
-0.052889 -0.046484 0.052141 0.071757 -0.024869 -0.097304 -0.042608 0.095540 0.143692 -0.002195 -0.191068 -0.172392 0.093369 0.456119 0.760921 0.860450 0.717659 0.479035 0.278600 0.125735 0.013462 -0.015807 0.015270 0.003773 -0.032580 -0.004386 0.034057 0.004171 -0.037175 -0.012080 0.044655 0.026337 
#### End of iteration: 63 ####
t= 1.000000
U points:
-0.020305 -0.067642 0.007904 0.080325 0.026729 -0.075121 -0.087098 0.029169 0.146061 0.088499 -0.115173 -0.215823 -0.059016 0.272127 0.627820 0.845006 0.808764 0.597068 0.373572 0.199344 0.059571 -0.013716 0.003604 0.016693 -0.023214 -0.023836 0.024065 0.024395 -0.024098 -0.033349 0.023449 0.049132 
#### End of iteration: 64 ####
t= 1.015625
U points:
0.018341 -0.062052 -0.036481 0.059945 0.065399 -0.030360 -0.099864 -0.038559 0.105427 0.144781 -0.015004 -0.196454 -0.164464 0.094313 0.457711 0.767477 0.855967 0.710126 0.480477 0.283866 0.123468 0.008095 -0.008678 0.019686 -0.006268 -0.033265 0.004285 0.033336 -0.001687 -0.039807 -0.005992 0.051142 
#### End of iteration: 65 ####
t= 1.031250
U points:
0.047756 -0.033219 -0.064752 0.019505 0.078837 0.020782 -0.079759 -0.087041 0.037948 0.153581 0.079908 -0.126528 -0.211033 -0.055404 0.271804 0.634803 0.845465 0.800745 0.594097 0.378718 0.201273 0.052572 -0.011396 0.012589 0.010342 -0.029662 -0.016790 0.027756 0.020297 -0.029565 -0.031360 0.032638 
#### End of iteration: 66 ####
t= 1.046875
U points:
0.056929 0.006723 -0.067329 -0.025423 0.063959 0.061064 -0.035941 -0.103273 -0.033562 0.116520 0.143519 -0.028953 -0.197357 -0.159117 0.093458 0.463070 0.772194 0.850388 0.703574 0.482721 0.289404 0.118191 0.004733 0.001157 0.019557 -0.015681 -0.030650 0.010544 0.032719 -0.007670 -0.042569 0.002011 
#### End of iteration: 67 ####
t= 1.062500
U points:
0.043236 0.041963 -0.044584 -0.058384 0.027569 0.077841 0.015654 -0.085261 -0.086966 0.048607 0.160211 0.068011 -0.133776 -0.206164 -0.055430 0.274610 0.641772 0.844183 0.793032 0.591772 0.385414 0.200348 0.045145 -0.004710 0.018624 0.001882 -0.032326 -0.010802 0.030793 0.016268 -0.035732 -0.027894 
#### End of iteration: 68 ####
t= 1.078125
U points:
0.013131 0.059189 -0.006322 -0.067996 -0.016377 0.066985 0.057760 -0.041824 -0.107504 -0.027015 0.128793 0.137906 -0.040768 -0.195521 -0.157801 0.094015 0.469922 0.775360 0.844486 0.696966 0.487303 0.293489 0.110092 0.005682 0.010801 0.015440 -0.022239 -0.027535 0.015850 0.032206 -0.014490 -0.045076 
#### End of iteration: 69 ####
t= 1.093750
U points:
-0.020744 0.052606 0.032249 -0.051896 -0.051906 0.033867 0.077366 0.010936 -0.091839 -0.086567 0.062247 0.163072 0.055389 -0.136662 -0.204182 -0.056070 0.279567 0.647943 0.842368 0.784359 0.591618 0.392812 0.195244 0.040236 0.004626 0.020343 -0.005616 -0.033368 -0.005522 0.033808 0.011771 -0.043150 
#### End of iteration: 70 ####
t= 1.109375
U points:
-0.044779 0.025885 0.056452 -0.017289 -0.066729 -0.008871 0.069660 0.055240 -0.048272 -0.113002 -0.016752 0.139362 0.128906 -0.048251 -0.194423 -0.158610 0.096426 0.476812 0.778289 0.837026 0.691345 0.494628 0.293693 0.101663 0.011090 0.017413 0.010243 -0.026918 -0.024474 0.020885 0.031961 -0.023705 
#### End of iteration: 71 ####
t= 1.125000
U points:
-0.049824 -0.009613 0.057701 0.022045 -0.056487 -0.045916 0.039121 0.077416 0.006711 -0.100903 -0.083167 0.076986 0.161108 0.045457 -0.138025 -0.204792 -0.055797 0.285055 0.654455 0.839098 0.774897 0.595248 0.398236 0.187026 0.039885 0.013237 0.019625 -0.011900 -0.033681 -0.000801 0.037882 0.004627 
#### End of iteration: 72 ####
t= 1.140625
U points:
-0.034669 -0.039556 0.036566 0.051099 -0.026047 -0.064646 -0.002459 0.072008 0.054295 -0.057459 -0.117447 -0.002916 0.145442 0.120011 -0.052732 -0.195293 -0.159550 0.099346 0.484501 0.780643 0.827145 0.689034 0.502787 0.289160 0.096191 0.018132 0.021433 0.004988 -0.030275 -0.022189 0.027458 0.029907 
#### End of iteration: 73 ####
t= 1.156250
U points:
-0.006250 -0.052377 0.002238 0.059312 0.012552 -0.059401 -0.040281 0.043000 0.079569 0.000654 -0.111371 -0.075001 0.089210 0.156742 0.038703 -0.140059 -0.206192 -0.055402 0.291328 0.661721 0.832673 0.766844 0.602320 0.399093 0.179161 0.042615 0.020316 0.017514 -0.016685 -0.034813 0.005347 0.041828 
#### End of iteration: 74 ####
t= 1.171875
U points:
0.023405 -0.043737 -0.031324 0.044413 0.044722 -0.033210 -0.061662 0.001886 0.076086 0.053277 -0.070054 -0.117675 0.011250 0.147649 0.113217 -0.056558 -0.197006 -0.160777 0.102470 0.494123 0.780420 0.816048 0.691534 0.508248 0.282463 0.093780 0.025429 0.023213 0.000925 -0.034241 -0.019237 0.035832 
#### End of iteration: 75 ####
t= 1.187500
U points:
0.042168 -0.018007 -0.050981 0.013038 0.058769 0.003585 -0.060225 -0.036603 0.047384 0.083567 -0.009577 -0.119697 -0.063877 0.097629 0.152688 0.033384 -0.142505 -0.207967 -0.055714 0.299952 0.668175 0.822713 0.763180 0.609478 0.396380 0.172931 0.047347 0.025135 0.015907 -0.021612 -0.036481 0.014744 
#### End of iteration: 76 ####
t= 1.203125
U points:
0.042685 0.013756 -0.049540 -0.022076 0.050143 0.037257 -0.037788 -0.059611 0.005112 0.083304 0.048862 -0.083316 -0.113506 0.023104 0.148459 0.107827 -0.060248 -0.198736 -0.163473 0.107295 0.505228 0.775588 0.807300 0.696669 0.510389 0.275207 0.094347 0.031282 0.024648 -0.002634 -0.039982 -0.012645 
#### End of iteration: 77 ####
t= 1.218750
U points:
0.025163 0.038424 -0.028404 -0.047169 0.022938 0.055732 -0.003375 -0.060355 -0.035396 0.055034 0.086191 -0.022954 -0.123861 -0.052816 0.103712 0.149349 0.028483 -0.144338 -0.211346 -0.055892 0.311971 0.670641 0.812276 0.763430 0.615077 0.391097 0.169479 0.051979 0.028845 0.015470 -0.029115 -0.035362 
#### End of iteration: 78 ####
t= 1.234375
U points:
-0.002974 0.046115 0.003223 -0.052811 -0.011881 0.052909 0.030230 -0.040076 -0.060513 0.010488 0.091637 0.040056 -0.094151 -0.107311 0.032754 0.149070 0.102683 -0.062809 -0.201352 -0.167927 0.116233 0.514423 0.767821 0.801975 0.702736 0.508986 0.269428 0.096198 0.035549 0.027734 -0.008789 -0.044750 
#### End of iteration: 79 ####
t= 1.250000
U points:
-0.030329 0.034042 0.032200 -0.037467 -0.040801 0.030698 0.051123 -0.007165 -0.062793 -0.033976 0.065811 0.084819 -0.036408 -0.124863 -0.042923 0.108953 0.145740 0.024701 -0.145656 -0.217906 -0.052757 0.324772 0.669075 0.803244 0.766763 0.617614 0.385389 0.168263 0.054931 0.034320 0.013272 -0.037776 
#### End of iteration: 80 ####
t= 1.265625
U points:
-0.046228 0.007411 0.046771 -0.007906 -0.052970 -0.001908 0.052456 0.026096 -0.043101 -0.063203 0.019789 0.097780 0.028882 -0.102001 -0.100886 0.041489 0.148905 0.097939 -0.063316 -0.207456 -0.171085 0.128168 0.520274 0.758790 0.800613 0.707508 0.505383 0.266118 0.096643 0.041226 0.030509 -0.017779 
#### End of iteration: 81 ####
t= 1.281250
U points:
-0.044893 -0.022905 0.041211 0.023640 -0.044290 -0.032366 0.034690 0.047989 -0.009795 -0.068317 -0.029286 0.076871 0.079835 -0.048179 -0.124503 -0.033485 0.113322 0.141266 0.023973 -0.149456 -0.225590 -0.045789 0.336377 0.664072 0.797385 0.771157 0.616949 0.381655 0.166185 0.058514 0.041068 0.007602 
#### End of iteration: 82 ####
t= 1.296875
U points:
-0.027339 -0.044869 0.017957 0.044407 -0.018837 -0.049352 0.005172 0.051414 0.024604 -0.049329 -0.064420 0.031565 0.100499 0.017568 -0.108064 -0.094247 0.049889 0.146557 0.096188 -0.064346 -0.216502 -0.171267 0.141576 0.521955 0.750762 0.802344 0.709178 0.502766 0.262619 0.096706 0.049354 0.030399 
#### End of iteration: 83 ####
t= 1.312500
U points:
-0.000261 -0.050046 -0.013553 0.046131 0.012876 -0.046983 -0.024764 0.036172 0.047977 -0.014559 -0.074572 -0.020995 0.085938 0.073118 -0.058523 -0.123502 -0.023314 0.114746 0.138575 0.024836 -0.156662 -0.232440 -0.035306 0.344862 0.657375 0.795550 0.773550 0.616160 0.378390 0.162762 0.064913 0.046458 
#### End of iteration: 84 ####
t= 1.328125
U points:
0.027563 -0.036635 -0.040781 0.028224 0.038106 -0.026910 -0.044071 0.008727 0.052791 0.022771 -0.058063 -0.062308 0.043388 0.100691 0.006833 -0.113619 -0.085704 0.055582 0.144050 0.097407 -0.067720 -0.227197 -0.167413 0.154307 0.519775 0.746260 0.803718 0.709844 0.501142 0.257162 0.099026 0.057964 
#### End of iteration: 85 ####
t= 1.343750
U points:
0.049786 -0.009551 -0.053052 -0.002136 0.046866 0.002478 -0.046050 -0.020379 0.038478 0.049425 -0.022550 -0.078957 -0.010803 0.092669 0.066137 -0.069073 -0.119874 -0.014571 0.114109 0.138898 0.025459 -0.167242 -0.236512 -0.022634 0.348699 0.652501 0.794926 0.774505 0.616673 0.373104 0.160346 0.073235 
#### End of iteration: 86 ####
t= 1.359375
U points:
0.065966 0.022427 -0.045528 -0.032950 0.035770 0.029388 -0.030716 -0.040482 0.011264 0.056754 0.018229 -0.066947 -0.057261 0.053814 0.100222 -0.005095 -0.116706 -0.076686 0.058162 0.143234 0.100580 -0.074655 -0.237655 -0.159223 0.163280 0.517188 0.743929 0.803683 0.711865 0.498014 0.251237 0.103809 
#### End of iteration: 87 ####
t= 1.375000
U points:
0.082474 0.051171 -0.020572 -0.052114 0.009248 0.043212 -0.004628 -0.044660 -0.018374 0.043438 0.049634 -0.032514 -0.080448 -0.000832 0.098966 0.057197 -0.078269 -0.113988 -0.008660 0.113051 0.142455 0.023990 -0.180382 -0.235672 -0.011510 0.350204 0.649907 0.793249 0.776610 0.616620 0.366187 0.159918 
#### End of iteration: 88 ####
t= 1.390625
U points:
0.110391 0.073444 0.014020 -0.051964 -0.022273 0.038582 0.021731 -0.032144 -0.039638 0.015513 0.061296 0.010695 -0.073870 -0.051552 0.064504 0.097690 -0.017382 -0.116620 -0.068967 0.058373 0.145395 0.104195 -0.086060 -0.244429 -0.149900 0.168967 0.516233 0.741016 0.804372 0.714376 0.492786 0.246127 
#### End of iteration: 89 ####
t= 1.406250
U points:
0.161148 0.092999 0.049107 -0.031795 -0.046425 0.017369 0.037991 -0.008411 -0.045286 -0.016187 0.050479 0.046873 -0.041850 -0.081009 0.010170 0.103924 0.046241 -0.084668 -0.107255 -0.005986 0.113223 0.148992 0.017816 -0.192389 -0.231546 -0.003403 0.352307 0.647130 0.791730 0.780041 0.614786 0.358790 
#### End of iteration: 90 ####
t= 1.421875
U points:
0.241621 0.119583 0.078850 0.002631 -0.053533 -0.012114 0.037838 0.017004 -0.034092 -0.040127 0.022554 0.063761 0.002612 -0.080208 -0.044418 0.075184 0.092235 -0.028429 -0.113878 -0.063799 0.057285 0.151995 0.104656 -0.099228 -0.247041 -0.142331 0.174287 0.515341 0.737666 0.806759 0.715996 0.486248 
#### End of iteration: 91 ####
t= 1.437500
U points:
0.350578 0.165144 0.103887 0.042318 -0.039936 -0.038302 0.021363 0.034151 -0.011066 -0.048211 -0.011407 0.056756 0.042939 -0.051269 -0.080382 0.022579 0.106203 0.034434 -0.087790 -0.101038 -0.006838 0.117565 0.155106 0.007722 -0.200860 -0.227499 0.003795 0.354585 0.643422 0.791731 0.783622 0.611604 
#### End of iteration: 92 ####
t= 1.453125
U points:
0.477834 0.238703 0.131640 0.079595 -0.008701 -0.050673 -0.005008 0.036394 0.014581 -0.038497 -0.038919 0.030047 0.065087 -0.006143 -0.086167 -0.034968 0.084508 0.084207 -0.037132 -0.109087 -0.063082 0.058428 0.161024 0.100530 -0.110630 -0.248318 -0.135676 0.179853 0.513236 0.735232 0.810044 0.716967 
#### End of iteration: 93 ####
t= 1.468750
U points:
0.606417 0.341879 0.173498 0.112041 0.032503 -0.043413 -0.030942 0.022868 0.032930 -0.015599 -0.050610 -0.005442 0.062398 0.038145 -0.061359 -0.077430 0.035480 0.105355 0.022781 -0.086877 -0.098414 -0.008316 0.126221 0.157608 -0.002769 -0.207336 -0.223966 0.011356 0.355648 0.639851 0.792822 0.787581 
#### End of iteration: 94 ####
t= 1.484375
U points:
0.716873 0.466844 0.239926 0.144032 0.075414 -0.016999 -0.045977 -0.001231 0.037013 0.011262 -0.043388 -0.036396 0.037541 0.065847 -0.016393 -0.090706 -0.023455 0.091635 0.073773 -0.041322 -0.105504 -0.065642 0.064130 0.168573 0.094288 -0.120265 -0.249603 -0.128465 0.184477 0.510603 0.733522 0.814501 
#### End of iteration: 95 ####
t= 1.500000
U points:
0.792115 0.597489 0.335402 0.185180 0.115331 0.022858 -0.043146 -0.026549 0.025333 0.031780 -0.021193 -0.052042 0.000968 0.068096 0.031613 -0.071441 -0.071841 0.048277 0.100281 0.014284 -0.084170 -0.100468 -0.006638 0.135801 0.157295 -0.012365 -0.213509 -0.219669 0.018449 0.355836 0.636348 0.795203 
#### End of iteration: 96 ####
t= 1.515625
U points:
0.821148 0.713382 0.455178 0.246172 0.153594 0.068421 -0.021041 -0.042920 0.002361 0.038333 0.006798 -0.047865 -0.033345 0.045728 0.065301 -0.027921 -0.093324 -0.009655 0.094323 0.063727 -0.041285 -0.106226 -0.067461 0.072521 0.173744 0.087902 -0.129650 -0.250009 -0.121171 0.188249 0.507470 0.732432 
#### End of iteration: 97 ####
t= 1.531250
U points:
0.800593 0.795056 0.585181 0.333613 0.197258 0.113859 0.016460 -0.042833 -0.023085 0.028681 0.029750 -0.026857 -0.053189 0.008434 0.073365 0.023235 -0.081339 -0.062324 0.058262 0.092460 0.010886 -0.083810 -0.104222 -0.001723 0.144233 0.156118 -0.022087 -0.218898 -0.214794 0.024978 0.355365 0.632283 
#### End of iteration: 98 ####
t= 1.546875
U points:
0.733920 0.828772 0.705140 0.445921 0.255980 0.158196 0.062617 -0.023688 -0.040932 0.006674 0.039165 0.002015 -0.052454 -0.029281 0.054374 0.063327 -0.041270 -0.091920 0.004269 0.092005 0.057735 -0.040874 -0.110187 -0.066757 0.081170 0.177934 0.080906 -0.138604 -0.249506 -0.114089 0.191710 0.502639 
#### End of iteration: 99 ####
t= 1.562500
U points:
0.629198 0.809233 0.793836 0.571923 0.337268 0.205953 0.111335 0.011977 -0.043219 -0.019185 0.031871 0.027407 -0.032981 -0.053692 0.016833 0.078418 0.011678 -0.088842 -0.049546 0.062796 0.086131 0.010258 -0.086828 -0.106962 0.004421 0.152145 0.154022 -0.031940 -0.223263 -0.209898 0.031879 0.352679 
#### End of iteration: 100 ####
t= 1.578125
U points:
0.496645 0.739633 0.834626 0.692822 0.441990 0.265074 0.160207 0.058333 -0.026471 -0.038712 0.011009 0.039857 -0.003402 -0.056858 -0.024434 0.064240 0.058145 -0.055030 -0.085170 0.014339 0.088118 0.055665 -0.042691 -0.114710 -0.064622 0.090042 0.181287 0.073152 -0.146630 -0.248962 -0.105970 0.193385 
